# Camera parameter file. 

# The format of each camera is as follows:
# Filename (of the undistorted image in visualize folder)
# Original filename
# Focal Length (of the undistorted image)
# 2-vec Principal Point (image center)
# 3-vec Translation T (as in P = K[R T])
# 3-vec Camera Position C (as in P = K[R -RC])
# 3-vec Axis Angle format of R
# 4-vec Quaternion format of R
# 3x3 Matrix format of R
# [Normalized radial distortion] = [radial distortion] * [focal length]^2
# 3-vec Lat/Lng/Alt from EXIF

# The nubmer of cameras in this reconstruction
180

00000000.jpg
/home/evan/UAV_Photogrammetry_toolkit/output_dir/Final_Dehazed/3630_dehazed.jpg
1244.86547852
487 274
5.47019664643 -0.249410328253 -7.26990074585
-5.01323480658 0.19656887885 7.59372945421
0.00405270010321 -0.0619379473751 -0.0158246142343
0.999488492472 0.00202600454205 -0.0309636932198 -0.00791095800294
0.997960723127 0.0156886161716 -0.0619286096743
-0.0159390297819 0.999869344822 -0.00356069661216
0.061862810556 0.00453917628974 0.998078918385
-0.770231859331
0 0 0

00000001.jpg
/home/evan/UAV_Photogrammetry_toolkit/output_dir/Final_Dehazed/3690_dehazed.jpg
990.604125977
487 274
5.11806487587 -0.552498117877 -8.34309118486
-4.90286185947 0.243342243801 8.48582881454
-0.0211892554782 -0.0268051008901 -0.0261074546632
0.999770045009 -0.0105938156308 -0.0134015231015 -0.0130527267263
0.999301498381 0.0263836620977 -0.0265204422342
-0.0258152386491 0.999440204728 0.0215327873024
0.0270733231834 -0.0208327308177 0.999418868482
-0.774827163968
0 0 0

00000002.jpg
/home/evan/UAV_Photogrammetry_toolkit/output_dir/Final_Dehazed/3660_dehazed.jpg
1239.79455566
487 274
4.43217644852 -0.519873374419 -7.84503178903
-4.67062050934 0.249744783961 7.71889780801
-0.0255051282633 0.0298599889479 -0.0157313945744
0.999778230505 -0.0127516214078 0.0149288907852 -0.00786511582138
0.999434937633 0.0153454937577 0.0300525305145
-0.0161079925568 0.99955837901 0.0252632652287
-0.0296497895359 -0.02573190872 0.999232724121
-1.16950820313
0 0 0

00000003.jpg
/home/evan/UAV_Photogrammetry_toolkit/output_dir/Final_Dehazed/3750_dehazed.jpg
1055.13769531
487 274
6.04145275954 -0.390570478083 -7.77248446164
-5.20898395162 0.0752780067342 8.36203009871
0.00288588558598 -0.104799610397 -0.0601198086332
0.998175124927 0.00144206495605 -0.0523679269531 -0.030041616901
0.992709991286 0.059822165033 -0.104633160767
-0.0601250137797 0.998192002627 0.000267679246663
0.104456287347 0.00602541271728 0.994512326175
-0.578184497564
0 0 0

00000004.jpg
/home/evan/UAV_Photogrammetry_toolkit/output_dir/Final_Dehazed/4560_dehazed.jpg
5177.02392578
487 274
5.83107150837 0.0220211020075 4.95051643127
-6.41121608654 -0.171222533648 -4.16851488837
0.0230309814105 -0.12721383161 -0.00718564356443
0.997905939305 0.011507451537 -0.0635625106897 -0.00359031356964
0.991895466032 0.00570268353722 -0.126942352784
-0.00862849740322 0.999716143993 -0.0225100953828
0.126775274954 0.0234233215574 0.991653444775
3.48307730662
0 0 0

00000005.jpg
/home/evan/UAV_Photogrammetry_toolkit/output_dir/Final_Dehazed/3420_dehazed.jpg
7.09153366089
487 274
10.0875520025 2.01300985681 -8.08310425484
-5.44436414757 -0.0320890159766 11.8956518951
0.139685192013 -0.462733577264 0.0703086533343
0.970325350619 0.0691503680269 -0.229073652726 0.0348059030701
0.892625302029 -0.0992272906482 -0.439737053769
0.0358649097521 0.988015331446 -0.150142573437
0.449366835826 0.118250846967 0.885484510738
-0.000493449535043
0 0 0

00000006.jpg
/home/evan/UAV_Photogrammetry_toolkit/output_dir/Final_Dehazed/4350_dehazed.jpg
4059.54223633
487 274
5.71600075529 -0.22461931398 1.48425294263
-5.87732332226 -0.0248161039582 -0.61843487022
0.0155208301572 -0.149332348158 -0.0401288208186
0.996983381655 0.00775261010464 -0.0745910791854 -0.0200442307927
0.988070796303 0.0388105849301 -0.149043839232
-0.0411244750635 0.999078121655 -0.0124680940147
0.148420426239 0.0184487997404 0.988754535224
2.32331131677
0 0 0

00000007.jpg
/home/evan/UAV_Photogrammetry_toolkit/output_dir/Final_Dehazed/4380_dehazed.jpg
14287.4326172
487 274
6.4659654626 -0.636724090624 33.630320243
-13.7100842776 -0.0779807541212 -31.3885025011
-0.00516837885414 -0.221031875435 -0.0871687479226
0.992948727301 -0.00257811262554 -0.110256056065 -0.0434818839552
0.971906074334 0.0869188147005 -0.218733809328
-0.0857823106355 0.996207318445 0.0147083671719
0.21918063286 0.00446863257044 0.975675307416
17.0940825005
0 0 0

00000008.jpg
/home/evan/UAV_Photogrammetry_toolkit/output_dir/Final_Dehazed/4440_dehazed.jpg
3781.67285156
487 274
5.63268676568 1.05887130139 0.4036151528
-5.72994347189 5.44711804014e-05 0.423052943863
0.0326132727373 -0.14179242519 0.18546695963
0.993063176851 0.0162689134852 -0.0707322051625 0.0925189552392
0.972874982192 -0.186055190066 -0.137472102965
0.181453480369 0.98235614729 -0.0454000533063
0.143494090492 0.0192241823317 0.989466763384
2.26687955819
0 0 0

00000009.jpg
/home/evan/UAV_Photogrammetry_toolkit/output_dir/Final_Dehazed/4410_dehazed.jpg
4035.89453125
487 274
5.76202217834 0.446913557508 1.37381694712
-5.92248471556 0.0215175130304 -0.460076404178
0.0132227045054 -0.155515903275 0.0820471850027
0.996116882383 0.00660279248252 -0.0776572778008 0.0409704789308
0.984582432735 -0.0826481986884 -0.15417138064
0.0805973442808 0.996558943244 -0.0195174366284
0.155251521189 0.0067911756224 0.987853997493
1.85906621216
0 0 0

00000010.jpg
/home/evan/UAV_Photogrammetry_toolkit/output_dir/Final_Dehazed/4470_dehazed.jpg
4676.34814453
487 274
5.82941597118 -0.529503396552 3.22847137504
-6.26132899115 0.111476509848 -2.33857537382
-0.0175727318018 -0.145932977452 -0.0770803540751
0.99655884773 -0.00877628517925 -0.0728827732435 -0.0384959593484
0.986411006114 0.0780060325036 -0.144588890364
-0.0754479230583 0.996883143541 0.023103777448
0.145938999728 -0.0118805611344 0.9892239983
3.19545818438
0 0 0

00000011.jpg
/home/evan/UAV_Photogrammetry_toolkit/output_dir/Final_Dehazed/4110_dehazed.jpg
3618.04223633
487 274
5.47606665177 1.12970829169 0.104387948336
-5.56829602056 -0.181371567975 0.485128378089
0.0363685973044 -0.102076091506 0.169896448081
0.994929611137 0.018153554429 -0.0509517556466 0.0848046019406
0.980428533267 -0.170598594468 -0.0983081762853
0.166899844058 0.984960009568 -0.0447650845541
0.104465465443 0.0274809508412 0.994151181634
1.39275869196
0 0 0

00000012.jpg
/home/evan/UAV_Photogrammetry_toolkit/output_dir/Final_Dehazed/4500_dehazed.jpg
3437.55541992
487 274
5.34596728955 0.731900917163 -0.714778535978
-5.29084347322 0.111583708685 1.27295851725
0.0144923237101 -0.103800600707 0.155423659581
0.995611624098 0.00723555912342 -0.0518243587769 0.0775981202586
0.982586260131 -0.155264474226 -0.102071042099
0.153765887925 0.987856759354 -0.0224503729728
0.104316693939 0.00636485410769 0.99452700467
1.79731520871
0 0 0

00000013.jpg
/home/evan/UAV_Photogrammetry_toolkit/output_dir/Final_Dehazed/4020_dehazed.jpg
2341.89697266
487 274
4.82622639852 -0.661668779188 -4.40054854735
-4.65215797363 -0.00529235984612 4.63166742375
0.025132413157 -0.0503871137338 -0.16432805008
0.996231233562 0.0125504162427 -0.0251618993639 -0.082060780076
0.985267194984 0.162871181108 -0.0521941163293
-0.164134867541 0.986219064598 -0.0208765264362
0.0480741638389 0.0291359401845 0.998420423312
0.875144399376
0 0 0

00000014.jpg
/home/evan/UAV_Photogrammetry_toolkit/output_dir/Final_Dehazed/4320_dehazed.jpg
5300.36474609
487 274
5.93506237564 -0.690857989885 5.4289795373
-6.73654558067 -0.0161152645631 -4.44909436761
0.0109792842848 -0.15479564958 -0.102702582971
0.995675400881 0.00548172635803 -0.0772862210686 -0.0512772455386
0.98279821488 0.101263381807 -0.154466150838
-0.102958586224 0.994685062149 -0.00298991046289
0.153341805742 0.0188421698933 0.987994738648
4.40143884723
0 0 0

00000015.jpg
/home/evan/UAV_Photogrammetry_toolkit/output_dir/Final_Dehazed/3600_dehazed.jpg
1134.7175293
487 274
5.04125093686 -0.239814510405 -7.78062383612
-4.59009488722 0.125871977929 8.05761393891
0.00628216816147 -0.0577331724151 -0.0339827783578
0.999434358861 0.00314049181627 -0.0288611432927 -0.0169881853818
0.997756878499 0.0337759340106 -0.0577967171575
-0.0341383706507 0.999406405671 -0.00529699133481
0.0575825558136 0.00725787036481 0.99831286652
-0.410301329685
0 0 0

00000016.jpg
/home/evan/UAV_Photogrammetry_toolkit/output_dir/Final_Dehazed/3720_dehazed.jpg
1275.64135742
487 274
4.71201904535 -0.523645038235 -7.5280330484
-4.72017487003 0.264951079401 7.5364774261
-0.0214387464953 3.96150465313e-06 -0.0206086809534
0.999889824686 -0.0107189795746 1.98067958269e-06 -0.0103039620459
0.999788685075 0.0206056106513 0.000225423948216
-0.0206056965634 0.999560613761 0.0214354630765
0.000217502102773 -0.0214357313543 0.999769347205
-1.00799938053
0 0 0

00000017.jpg
/home/evan/UAV_Photogrammetry_toolkit/output_dir/Final_Dehazed/3930_dehazed.jpg
2731.58081055
487 274
5.66243956416 -1.04596268982 -2.74580016881
-5.45848425698 0.0925853935503 3.30044889759
0.00934353189918 -0.100364225717 -0.175948270873
0.994865396189 0.00466376732011 -0.0500961949999 -0.0878235130551
0.979555731841 0.17427767828 -0.100497114423
-0.175212618161 0.984533878258 -0.000480566331778
0.0988587691218 0.0180787165588 0.994939016035
0.208326926868
0 0 0

00000018.jpg
/home/evan/UAV_Photogrammetry_toolkit/output_dir/Final_Dehazed/660_dehazed.jpg
1078.49694824
487 274
2.81617873763 -0.124052206573 -8.39149712346
-4.09097460678 -0.101158763558 7.84964963599
-0.00583756492905 0.156556449812 -0.0513382096992
0.996605088277 -0.00291547871342 0.0781896222868 -0.0256400501549
0.986459496335 0.0506500846533 0.155997499151
-0.0515619331389 0.998670851656 0.00180109388772
-0.155699202535 -0.00982122979452 0.98775645993
0.54040128758
0 0 0

00000019.jpg
/home/evan/UAV_Photogrammetry_toolkit/output_dir/Final_Dehazed/6450_dehazed.jpg
759.153747559
487 274
5.42163744277 -0.914720678663 -8.48101083481
-4.64636559037 -0.330239566784 8.96998834526
-0.0359526619298 -0.0946885588819 -0.184082595629
0.99448753475 -0.0179432875101 -0.0472572528636 -0.0918721107615
0.978654985384 0.184427310673 -0.0906961489068
-0.1810353651 0.982477987485 0.0443721081079
0.0972908466906 -0.0270053949369 0.994888854223
0.285703963977
0 0 0

00000020.jpg
/home/evan/UAV_Photogrammetry_toolkit/output_dir/Final_Dehazed/6420_dehazed.jpg
1301.87524414
487 274
4.48283834616 -0.0541270475408 -7.57228873958
-4.30095993886 -0.300667203588 7.67135536233
0.0146834806458 -0.0221225945667 -0.106184997922
0.998502887465 0.00733807615328 -0.01105577673 -0.0530660011668
0.99412205249 0.105810393188 -0.0228571746133
-0.106135828378 0.994261784522 -0.0134809278307
0.0212997253389 0.0158274330792 0.999648228092
0.787664018495
0 0 0

00000021.jpg
/home/evan/UAV_Photogrammetry_toolkit/output_dir/Final_Dehazed/630_dehazed.jpg
1292.08178711
487 274
3.0847191092 0.420598089676 -7.5902740578
-3.93069410979 -0.236878960981 7.19709342816
0.0507670908534 0.116668643976 -0.0547167546797
0.997603666435 0.0253632663717 0.0582877183751 -0.0273365205807
0.991711803981 0.0574989650026 0.114909850853
-0.0515850876329 0.99722155415 -0.0537915045895
-0.117682315383 0.0474184455113 0.991918943009
0.881808557366
0 0 0

00000022.jpg
/home/evan/UAV_Photogrammetry_toolkit/output_dir/Final_Dehazed/6240_dehazed.jpg
1008.73687744
487 274
4.85014787853 0.532233329526 -7.9126586039
-4.66827336302 -0.800408764973 7.99898302012
0.057896622169 -0.00999400371854 -0.15300634489
0.996644513574 0.0289159252807 -0.00499141148402 -0.0764175848358
0.988272468636 0.15203363068 -0.0143684249532
-0.152611035989 0.986649309001 -0.056874806174
0.00553022652899 0.0584007869696 0.998279368112
0.393469680634
0 0 0

00000023.jpg
/home/evan/UAV_Photogrammetry_toolkit/output_dir/Final_Dehazed/6090_dehazed.jpg
630.751220703
487 274
4.60432998009 0.829978757184 -9.00307925157
-4.56903557144 -0.486015752211 9.04609308716
0.0436822298393 -0.00310989784888 -0.0109693089482
0.999745269631 0.0218392603564 -0.00155481689129 -0.00548418876353
0.999936360513 0.0108981750357 -0.00334824047338
-0.0110329920608 0.998984702212 -0.0436505113392
0.00286944285547 0.043684277595 0.999041353875
0.149471466274
0 0 0

00000024.jpg
/home/evan/UAV_Photogrammetry_toolkit/output_dir/Final_Dehazed/6390_dehazed.jpg
1152.05432129
487 274
4.17970251852 1.33785350661 -7.70002943271
-4.16102264993 -0.427175719981 7.81367051241
0.151044331473 0.00477307993133 -0.063061021859
0.996650388651 0.0754378235905 0.0023838747097 -0.0314952980759
0.998007269372 0.0631395105146 0
-0.0624196937577 0.986632964327 -0.15052050344
-0.00950355862369 0.150220041362 0.988607755097
0.645915660289
0 0 0

00000025.jpg
/home/evan/UAV_Photogrammetry_toolkit/output_dir/Final_Dehazed/6360_dehazed.jpg
1343.43383789
487 274
3.88135202485 1.50434323036 -7.27130550517
-4.11846558706 -0.611585241532 7.27076450733
0.167428458902 0.0444192448731 -0.0818405702664
0.995415844001 0.0835862706188 0.0221756745956 -0.0408577376795
0.995678930767 0.08504808718 0.0373181584871
-0.0776336705648 0.982688570266 -0.168218486948
-0.0509779128885 0.164593905512 0.985043308922
0.890508636222
0 0 0

00000026.jpg
/home/evan/UAV_Photogrammetry_toolkit/output_dir/Final_Dehazed/6330_dehazed.jpg
1257.04406738
487 274
4.61382303459 0.759376594504 -7.24700210083
-4.36574088091 -0.535753866088 7.41864000167
0.124548673906 -0.0201402013695 -0.153773230956
0.995058994262 0.062171737176 -0.01005350974 -0.0767599413132
0.988014329618 0.151511128022 -0.0295520219628
-0.154011551989 0.980486991314 -0.12218566027
0.0104633191998 0.125272524794 0.992068287318
0.75624002109
0 0 0

00000027.jpg
/home/evan/UAV_Photogrammetry_toolkit/output_dir/Final_Dehazed/690_dehazed.jpg
1184.87182617
487 274
0.371365330972 -0.25202688456 -8.69146827021
-4.12718794796 0.0522922804003 7.66201590205
-0.024315879196 0.451498465337 0.00111285466023
0.97455385191 -0.012054639345 0.223831148385 0.000551699630691
0.899799965813 -0.0064716425163 0.436258120994
-0.00432099851555 0.999711085146 0.0237425948347
-0.43628391035 -0.0232489859933 0.899509790128
0.674770787306
0 0 0

00000028.jpg
/home/evan/UAV_Photogrammetry_toolkit/output_dir/Final_Dehazed/6180_dehazed.jpg
1634.59924316
487 274
3.77700049783 0.843300631185 -6.98441623
-4.29578093181 -1.14698630833 6.632472919
0.103880568239 0.112179984341 -0.249920924157
0.989290088364 0.051754726104 0.0558896092149 -0.124514037578
0.962746385313 0.252146300185 0.0976943936736
-0.240575712769 0.963637712076 -0.116318896171
-0.123469752082 0.0884828540722 0.988395418353
1.22401969642
0 0 0

00000029.jpg
/home/evan/UAV_Photogrammetry_toolkit/output_dir/Final_Dehazed/6300_dehazed.jpg
597.000366211
487 274
5.00573701357 -0.830992273241 -8.80287332632
-4.646137437 -0.263680958618 9.03227774861
0.00223571202199 -0.0474521551667 -0.229918981391
0.993118660828 0.00111529071731 -0.0236716301801 -0.114695677778
0.972571151658 0.227759644419 -0.0472728924206
-0.22786602725 0.97368858318 0.00321497336868
0.0467620582357 0.0076454374631 0.998878963104
0.162166523893
0 0 0

00000030.jpg
/home/evan/UAV_Photogrammetry_toolkit/output_dir/Final_Dehazed/6210_dehazed.jpg
1016.65222168
487 274
4.51661261827 0.703021896693 -8.16756940191
-4.68334120352 -0.842471639013 8.05973376269
0.0849651245095 0.0376309431367 -0.180076328571
0.994872185923 0.042409923174 0.018783299814 -0.0898842119543
0.983138426558 0.180439618959 0.029749784817
-0.177253590749 0.98024446298 -0.0877613086468
-0.0449981453621 0.0810085032449 0.995699775755
0.407373985299
0 0 0

00000031.jpg
/home/evan/UAV_Photogrammetry_toolkit/output_dir/Final_Dehazed/6150_dehazed.jpg
1074.18847656
487 274
2.26286059938 -0.273647958928 -8.95619868887
-4.73716952168 -0.444272579788 7.92281015467
-0.0334457201891 0.291940238012 -0.122737019265
0.987350247609 -0.0166522871032 0.145354103092 -0.0611095252675
0.950275486278 0.115832432088 0.289066202539
-0.125513587529 0.991977746883 0.0151180361377
-0.284995436175 -0.0506485230406 0.957188812651
0.693932308552
0 0 0

00000032.jpg
/home/evan/UAV_Photogrammetry_toolkit/output_dir/Final_Dehazed/150_dehazed.jpg
1021.99713135
487 274
5.69363460444 -0.936402615366 -7.69084418946
-5.63149734957 0.625412091205 7.76777747992
0.0487555545043 -0.0202892223033 -0.121390310497
0.99781068721 0.0243599844611 -0.0101372068282 -0.0606508552204
0.99244144116 0.120541785795 -0.0231844372141
-0.121530500314 0.991455928364 -0.0473835149745
0.0172756160325 0.0498430963677 0.998607300515
0.49042274813
0 0 0

00000033.jpg
/home/evan/UAV_Photogrammetry_toolkit/output_dir/Final_Dehazed/6510_dehazed.jpg
1099.66503906
487 274
5.16031179004 -2.31486461159 -8.06126959796
-5.26744406066 0.0342243279594 8.32010955997
0.0346820292104 -0.0564697852729 -0.483195878855
0.970413588073 0.0171696554166 -0.0279558831088 -0.239210534318
0.883993459008 0.463306035134 -0.0624729793122
-0.465226576515 0.884969764476 -0.0199489982661
0.0460420960293 0.046697669409 0.997846904183
0.603418910199
0 0 0

00000034.jpg
/home/evan/UAV_Photogrammetry_toolkit/output_dir/Final_Dehazed/6570_dehazed.jpg
555.170837402
487 274
5.82502931276 -1.81230482186 -9.09375718763
-5.36576358248 0.286774935922 9.54138830854
-0.011662063415 -0.0773479248573 -0.251640171654
0.991332879814 -0.00581417586936 -0.0385621671094 -0.125456376091
0.965550327075 0.249186397891 -0.0749969418331
-0.248289724516 0.968455467184 0.0212036340064
0.0779148348566 -0.00185150082684 0.996957720142
0.156614192097
0 0 0

00000035.jpg
/home/evan/UAV_Photogrammetry_toolkit/output_dir/Final_Dehazed/6540_dehazed.jpg
655.833312988
487 274
5.92152878567 -1.4735897918 -8.74526085674
-5.198835943 0.032625258387 9.31053889948
-0.0607155187864 -0.0931252135961 -0.15975659488
0.995269881245 -0.0303098790133 -0.0464891680678 -0.0797523130689
0.982959102811 0.161568384095 -0.0877024295341
-0.155931916534 0.985445562359 0.0677484869757
0.0973746455938 -0.0529175517686 0.993843880885
0.221126723865
0 0 0

00000036.jpg
/home/evan/UAV_Photogrammetry_toolkit/output_dir/Final_Dehazed/6690_dehazed.jpg
1572.10058594
487 274
6.35083509826 0.713542261704 -7.010752681
-5.74131423215 -0.140175833618 7.55052102631
0.0482733781588 -0.0857873236243 0.0366152955092
0.99862236246 0.0241256041914 -0.0428739626963 0.0182992398813
0.995654581382 -0.0386171492017 -0.0847467967734
0.0344789714443 0.998170891742 -0.0497539459978
0.0865127948896 0.0466155254159 0.995161018096
1.24272608069
0 0 0

00000037.jpg
/home/evan/UAV_Photogrammetry_toolkit/output_dir/Final_Dehazed/720_dehazed.jpg
1177.45825195
487 274
0.208254322576 -0.648809974683 -8.84619435468
-4.35938197887 0.2512048168 7.72345784916
0.024398468724 0.474738308268 -0.25833946711
0.963634627396 0.0120509961494 0.234484778107 -0.127600135836
0.857473166854 0.251572064647 0.448840752635
-0.240267572762 0.967147351402 -0.0830664500126
-0.454989854491 -0.0366154212759 0.889746262212
0.661478556061
0 0 0

00000038.jpg
/home/evan/UAV_Photogrammetry_toolkit/output_dir/Final_Dehazed/810_dehazed.jpg
1136.61242676
487 274
-0.800693955345 -1.14898575583 -9.22402913265
-3.85466237237 0.299153534498 8.49092708895
-0.0359460650841 0.483251446502 -0.331937229905
0.957183955405 -0.017715781404 0.238167292285 -0.163593077325
0.833028819663 0.304739104852 0.461736978803
-0.321615570472 0.945849067293 -0.0440102440762
-0.450142664706 -0.111839290945 0.88592661098
0.588922478382
0 0 0

00000039.jpg
/home/evan/UAV_Photogrammetry_toolkit/output_dir/Final_Dehazed/6720_dehazed.jpg
1090.30529785
487 274
7.30989475301 -0.0900530785063 -7.65475855804
-6.13795160928 -0.0172609978472 8.62340210012
0.00355221384837 -0.143825738264 -0.0202315920569
0.997363274126 0.00177454561392 -0.071849653174 -0.0101069036043
0.98947243375 0.0199054823807 -0.143356094624
-0.0204155354993 0.999791905846 -0.00208723706985
0.143284726714 0.00499222942448 0.989669662708
0.536134054436
0 0 0

00000040.jpg
/home/evan/UAV_Photogrammetry_toolkit/output_dir/Final_Dehazed/750_dehazed.jpg
1164.89245605
487 274
-0.624697141969 -0.478404195381 -8.99600324923
-4.38716114271 0.290692739511 7.88767389854
0.0570115135107 0.55592241149 -0.351959941005
0.945972426947 0.0279905178896 0.272937083158 -0.172799149127
0.791295303601 0.34220599773 0.506709633637
-0.311646924167 0.938715089649 -0.147282805621
-0.526054186198 -0.041369773063 0.849444936928
0.663862406832
0 0 0

00000041.jpg
/home/evan/UAV_Photogrammetry_toolkit/output_dir/Final_Dehazed/6270_dehazed.jpg
1140.67932129
487 274
3.59916774587 2.44041524747 -7.66690272139
-4.42596062187 -0.532314897537 7.60382905859
0.297040638339 0.12559841918 -0.0941803766903
0.985924206517 0.147822815943 0.0625042825957 -0.0468690363945
0.987793800873 0.110897275275 0.109392384368
-0.073939994795 0.951906970971 -0.297344466016
-0.13710555652 0.28562390404 0.948485392142
0.51486223056
0 0 0

00000042.jpg
/home/evan/UAV_Photogrammetry_toolkit/output_dir/Final_Dehazed/840_dehazed.jpg
1012.69897461
487 274
-1.23409168268 -1.03797680426 -9.42995001178
-3.53044878735 0.36661143989 8.88401865566
-0.0529270565023 0.497014550804 -0.149292510181
0.96617882096 -0.0261645075152 0.245699304081 -0.0738028007365
0.868372145183 0.129756090194 0.478642061365
-0.155470721802 0.98773873747 0.0142929756395
-0.470915794346 -0.0868253964486 0.877895173637
0.360564664198
0 0 0

00000043.jpg
/home/evan/UAV_Photogrammetry_toolkit/output_dir/Final_Dehazed/7230_dehazed.jpg
1434.28186035
487 274
7.26060674035 -0.222908415005 -7.51486283263
-6.95216260061 -0.413809567766 7.7932911888
0.0450140470668 -0.0385024397425 -0.137914659108
0.997185658784 0.0224859054212 -0.0192331566467 -0.0688926275904
0.989768536351 0.136533521677 -0.0414556640136
-0.13826143924 0.989498409215 -0.0421957392578
0.0352604479113 0.0474947503856 0.998250006775
0.841343240964
0 0 0

00000044.jpg
/home/evan/UAV_Photogrammetry_toolkit/output_dir/Final_Dehazed/7170_dehazed.jpg
1421.68481445
487 274
7.2785264046 -0.591569645301 -7.57216266129
-6.98122112119 -0.23075491748 7.86599452525
0.0259342948173 -0.0417894721827 -0.143193486319
0.997136166478 0.0129547664599 -0.020874785932 -0.0715283830506
0.9888961752 0.142106860489 -0.0434823189457
-0.143187290189 0.989431710399 -0.0228497815489
0.0397776971353 0.0288208831128 0.998794252394
0.809092462076
0 0 0

00000045.jpg
/home/evan/UAV_Photogrammetry_toolkit/output_dir/Final_Dehazed/7260_dehazed.jpg
1435.74438477
487 274
7.3475792818 -0.000865658917234 -7.47498252853
-6.98190375065 -0.55035702477 7.7982297134
0.039088166825 -0.0435522946428 -0.118486935548
0.997818127579 0.0195298671117 -0.0217603074247 -0.059200374274
0.992043938289 0.117292799997 -0.0457374410511
-0.118992026443 0.992229040611 -0.0363986448921
0.0411138757893 0.0415503768408 0.998291084002
0.82523805005
0 0 0

00000046.jpg
/home/evan/UAV_Photogrammetry_toolkit/output_dir/Final_Dehazed/7290_dehazed.jpg
1434.17773438
487 274
7.34463819535 0.0629725128972 -7.56412252176
-7.00644726457 -0.682198698675 7.84906598909
0.0439831963139 -0.03735752406 -0.133383484072
0.997361292889 0.0219722516233 -0.0186623298773 -0.0666330717192
0.990423651238 0.1320942814 -0.0401541491601
-0.133734704836 0.990155730954 -0.0413418257767
0.034298192659 0.04631526737 0.998338812022
0.852683033789
0 0 0

00000047.jpg
/home/evan/UAV_Photogrammetry_toolkit/output_dir/Final_Dehazed/7320_dehazed.jpg
1430.26098633
487 274
7.418265871 0.41101662905 -7.59454507414
-7.04005607563 -0.854754828891 7.91099111938
0.0625053718316 -0.0382224130025 -0.128302483883
0.997272903601 0.0312242710516 -0.0190938306399 -0.064092915792
0.991055217681 0.126643640621 -0.042084777506
-0.129028872307 0.989835098751 -0.0598307832564
0.0340822621866 0.0647256945616 0.997322660592
0.827699270854
0 0 0

00000048.jpg
/home/evan/UAV_Photogrammetry_toolkit/output_dir/Final_Dehazed/7140_dehazed.jpg
1427.78295898
487 274
7.38191529921 -0.749845858123 -7.56897950792
-7.07426242054 -0.230797145876 7.88960363752
0.000400555206056 -0.0442968003418 -0.135869726448
0.997448739055 0.000200107253899 -0.0221295615159 -0.0678770802039
0.989808438123 0.135399659537 -0.0441721565365
-0.135415972703 0.990786074473 0.00260448184645
0.044120256383 0.00340286875876 0.99902143557
0.82404927685
0 0 0

00000049.jpg
/home/evan/UAV_Photogrammetry_toolkit/output_dir/Final_Dehazed/7050_dehazed.jpg
1422.16650391
487 274
7.69681460326 -0.584057639496 -7.48981286875
-7.21086651099 -0.233337556167 7.97672014167
0.0282427587919 -0.065855659475 -0.13874010181
0.996954293762 0.0141070399584 -0.032894393446 -0.0692996096621
0.988233509046 0.13724946118 -0.0675427023162
-0.139104712455 0.989998264613 -0.023569097831
0.0636341248304 0.0326871984041 0.99743968174
0.840580095247
0 0 0

00000050.jpg
/home/evan/UAV_Photogrammetry_toolkit/output_dir/Final_Dehazed/7080_dehazed.jpg
1419.27038574
487 274
7.51405150591 -1.09882382027 -7.59826520342
-7.24110279907 -0.244260302027 7.93149189356
-4.88789271131e-05 -0.0450349018017 -0.181468028482
0.995633882247 -2.44038846675e-05 -0.0224846700713 -0.0906019239672
0.982572173235 0.180414209565 -0.044768042061
-0.180411171628 0.983583983468 0.00412261674347
0.0447779553556 0.00402542740574 0.998991153206
0.807450217037
0 0 0

00000051.jpg
/home/evan/UAV_Photogrammetry_toolkit/output_dir/Final_Dehazed/7110_dehazed.jpg
1433.79711914
487 274
7.38231404473 -1.16381893006 -7.62116832142
-7.19095985432 -0.255881203402 7.88413561996
0.00145851547138 -0.0360613598129 -0.195744786286
0.995052665091 0.00072805471115 -0.0180009354837 -0.0977109373435
0.980260176626 0.194429218947 -0.0359648411656
-0.194480895501 0.980906396339 0.00206872737669
0.035682674143 0.00496653849934 0.999352652253
0.865818141329
0 0 0

00000052.jpg
/home/evan/UAV_Photogrammetry_toolkit/output_dir/Final_Dehazed/7020_dehazed.jpg
1409.5892334
487 274
7.78504276114 -1.31119040903 -7.41929193474
-7.23995642309 -0.239248655134 8.05592358177
-0.00437617026423 -0.0840950521122 -0.201056759744
0.994067209219 -0.00218375626779 -0.0419643400626 -0.100329496514
0.976346116615 0.199652587818 -0.0829914538147
-0.199284462592 0.979862709867 0.0127620897308
0.0838700438363 0.00407888773591 0.996469639296
0.833245876911
0 0 0

00000053.jpg
/home/evan/UAV_Photogrammetry_toolkit/output_dir/Final_Dehazed/6990_dehazed.jpg
1363.71520996
487 274
8.09844885774 -0.847643396286 -7.27738526014
-7.20567598153 -0.372374339454 8.19773086511
-0.00639753360983 -0.119699820828 -0.152469075794
0.995302467478 -0.0031937564642 -0.059756165399 -0.0761151290647
0.981273758684 0.151897799922 -0.118465130967
-0.15113250316 0.98839520905 0.015453613129
0.119436704507 0.00273859837164 0.99283903934
0.77373077054
0 0 0

00000054.jpg
/home/evan/UAV_Photogrammetry_toolkit/output_dir/Final_Dehazed/7200_dehazed.jpg
1419.15112305
487 274
6.99062018774 -0.277476168917 -7.77210898872
-6.90738428035 -0.246379760777 7.84720890251
-0.0457275398504 -0.0107045525107 -0.0239785769126
0.999652723466 -0.0228611231803 -0.00535165666767 -0.011987900558
0.999653715982 0.0242129245022 -0.0101516667405
-0.0237220252635 0.998669397289 0.0458342521757
0.0112475259111 -0.0455784840191 0.998899156857
0.805786815046
0 0 0

00000055.jpg
/home/evan/UAV_Photogrammetry_toolkit/output_dir/Final_Dehazed/7350_dehazed.jpg
1397.82666016
487 274
7.57289172785 0.511560164758 -7.73584761507
-7.13396454207 -1.00734073883 8.09599989233
0.0567524268611 -0.0430282327029 -0.128394067159
0.997307090648 0.0283507373313 -0.0214948010272 -0.0641393976301
0.990851460429 0.126714413484 -0.0465103701578
-0.129152290701 0.990165534612 -0.0537912489788
0.039237299748 0.0593063164836 0.997468737185
0.820934729562
0 0 0

00000056.jpg
/home/evan/UAV_Photogrammetry_toolkit/output_dir/Final_Dehazed/1140_dehazed.jpg
1049.40917969
487 274
-1.2014196683 -0.0830037076997 -8.92596108603
-2.98067450821 0.0148662059083 8.4993005762
0.0305741300149 0.463598254352 -0.373735066673
0.955886823181 0.0150616098969 0.228380531271 -0.184111592915
0.827892218875 0.358859500121 0.431066296406
-0.345099882528 0.931753096889 -0.112889094783
-0.442157465644 -0.0553003170374 0.895233159158
0.431949496367
0 0 0

00000057.jpg
/home/evan/UAV_Photogrammetry_toolkit/output_dir/Final_Dehazed/1080_dehazed.jpg
1004.41253662
487 274
-1.07827138445 -0.0282886545675 -9.16606912804
-2.86923826481 -0.0802691784882 8.77161405333
-0.00234321882286 0.433170553146 -0.0957651378728
0.975499721674 -0.00116202543903 0.214813570667 -0.0474908810455
0.903202909059 0.092155453975 0.419212809893
-0.0931539109929 0.995487415747 -0.0181363604629
-0.418989503698 -0.0226705824323 0.907708503137
0.410499876987
0 0 0

00000058.jpg
/home/evan/UAV_Photogrammetry_toolkit/output_dir/Final_Dehazed/870_dehazed.jpg
1006.34002686
487 274
-1.11824660975 -0.539199672427 -9.53663201771
-3.17238649272 0.372277552034 9.07114101663
-0.00794143805312 0.448800703641 -0.0877374700249
0.973966679933 -0.00393620185112 0.222449655672 -0.0434873872483
0.897251591098 0.0829592621682 0.433660061029
-0.0864618025405 0.996189519092 -0.0116798512363
-0.432974149318 -0.0270147690302 0.901003264288
0.393578262315
0 0 0

00000059.jpg
/home/evan/UAV_Photogrammetry_toolkit/output_dir/Final_Dehazed/900_dehazed.jpg
1100.83129883
487 274
-1.37054236068 -0.585275926464 -9.30760703172
-2.85646108329 0.382833099192 8.97475795182
-0.0132607249839 0.448666980198 -0.104485318688
0.973568520664 -0.00657184213968 0.222353496565 -0.0517815595426
0.895755936719 0.0979032932982 0.433633278329
-0.103748291988 0.994553730145 -0.0102314869522
-0.43227218053 -0.035824041472 0.901032990848
0.617528223054
0 0 0

00000060.jpg
/home/evan/UAV_Photogrammetry_toolkit/output_dir/Final_Dehazed/510_dehazed.jpg
3457.41918945
487 274
4.74774131993 -1.35858571912 0.29781447067
-4.92850665056 -0.087776817768 0.421247724492
0.00795608982481 -0.148306772734 -0.296311125822
0.986299565762 0.00395986128411 -0.0738144315176 -0.147478344391
0.945606581173 0.290331131706 -0.146775043217
-0.291500176424 0.956470534391 0.0139611454944
0.144437523795 0.0295835833544 0.989070218125
1.83726720447
0 0 0

00000061.jpg
/home/evan/UAV_Photogrammetry_toolkit/output_dir/Final_Dehazed/6600_dehazed.jpg
1273.46069336
487 274
6.39480426906 -1.17840005566 -7.12825699096
-5.39184035665 -0.0581105209782 8.00115459024
0.0594428146014 -0.152438830066 -0.284232662505
0.9865859877 0.0295883936353 -0.0758783065633 -0.141480311096
0.948454296192 0.274674516833 -0.158093263275
-0.283655453017 0.958217434895 -0.0369124662715
0.141348632828 0.0798535119652 0.986735913416
0.81332055962
0 0 0

00000062.jpg
/home/evan/UAV_Photogrammetry_toolkit/output_dir/Final_Dehazed/3780_dehazed.jpg
1062.36486816
487 274
6.07945211719 -0.427571031166 -7.74038544139
-5.20885482242 0.0746017393474 8.36171110211
0.00107283816579 -0.109983958254 -0.0639826546734
0.997977124659 0.000536057331114 -0.0549548934843 -0.0319697529371
0.991915786151 0.0637513808953 -0.109721891101
-0.0638689475537 0.997957133015 0.00244419085173
0.10965301524 0.00458408266755 0.993960446204
-0.545834386509
0 0 0

00000063.jpg
/home/evan/UAV_Photogrammetry_toolkit/output_dir/Final_Dehazed/3840_dehazed.jpg
1055.28466797
487 274
6.05200969901 0.13654154767 -7.77136631095
-5.20940046277 0.0742647106902 8.36038626112
-0.00239966653679 -0.104512437589 0.040837027084
0.998426580296 -0.00119920392193 -0.0522288089304 0.0204078034544
0.993714728516 -0.0406260132974 -0.104341429457
0.0408767603601 0.99916562235 0.000263040572759
0.104245094917 -0.00452622771063 0.994542194098
-0.608721061288
0 0 0

00000064.jpg
/home/evan/UAV_Photogrammetry_toolkit/output_dir/Final_Dehazed/6960_dehazed.jpg
1412.37072754
487 274
8.13437307779 -0.683672300354 -7.00366645971
-6.95751263863 -0.452450734101 8.18991701933
0.0218937327052 -0.156824117788 -0.171916600266
0.993179883015 0.010921968716 -0.0782337179071 -0.0857627959173
0.973050627471 0.168647122658 -0.157273452422
-0.172064411807 0.985052770624 -0.00827605091654
0.153527166773 0.03511386753 0.98752172201
0.90901651945
0 0 0

00000065.jpg
/home/evan/UAV_Photogrammetry_toolkit/output_dir/Final_Dehazed/3870_dehazed.jpg
1178.84851074
487 274
5.8234212559 1.46366038845 -7.43977013837
-5.1738345075 0.0148550803971 8.03963287911
0.02248038348 -0.105521637967 0.235738472056
0.991610877788 0.011208742345 -0.0526131973173 0.117539444843
0.966834501975 -0.234286694304 -0.10170852465
0.231926873998 0.97212022478 -0.0345973569716
0.10697875045 0.00986148637106 0.994213805038
-0.525357765429
0 0 0

00000066.jpg
/home/evan/UAV_Photogrammetry_toolkit/output_dir/Final_Dehazed/3900_dehazed.jpg
1268.09570312
487 274
5.82522878896 -0.779516871816 -7.24623443084
-5.14673367789 -0.0848813800087 7.7815477723
0.00967945206585 -0.097878906205 -0.170314164394
0.995169128167 0.00483193015473 -0.0488606209511 -0.0850199103332
0.9807700172 0.168746346347 -0.0980708865069
-0.169690413826 0.985496149421 -0.00130876568238
0.0964274397075 0.0179255851954 0.995180208009
-0.526678920661
0 0 0

00000067.jpg
/home/evan/UAV_Photogrammetry_toolkit/output_dir/Final_Dehazed/3990_dehazed.jpg
3269.0222168
487 274
5.52976449737 0.316435397764 -1.0103194675
-5.42215240917 0.0256206727118 1.51617766072
0.00291742713938 -0.092206768703 0.0617280082007
0.998460826621 0.0014579650885 -0.0460797282228 0.0308481674571
0.993849511109 -0.0617359126876 -0.091928053261
0.0614668344281 0.998094684025 -0.00575441179925
0.0921071608664 6.84723105468e-05 0.995751894052
0.296016133828
0 0 0

00000068.jpg
/home/evan/UAV_Photogrammetry_toolkit/output_dir/Final_Dehazed/3810_dehazed.jpg
1059.07385254
487 274
5.9901680643 0.977630604215 -7.76005482842
-5.20878269565 0.0744830111166 8.36177730205
0.0158747308605 -0.105835479587 0.164439188632
0.995192479423 0.00792464166637 -0.0528329115423 0.0820877945752
0.980941032868 -0.1642234622 -0.103856811478
0.162549161054 0.986399396242 -0.0244466381648
0.106458853453 0.00709953698922 0.994291855292
-0.571583817256
0 0 0

00000069.jpg
/home/evan/UAV_Photogrammetry_toolkit/output_dir/Final_Dehazed/3960_dehazed.jpg
2538.1484375
487 274
5.74509922804 0.261822962817 -3.34045670592
-5.37991625676 -0.109764541131 3.90867725187
0.0236939629425 -0.101268578041 0.0118728660802
0.998631029482 0.0118415749216 -0.050611181295 0.00593372385885
0.994806388576 -0.0130505468377 -0.100943779101
0.0106518562257 0.999651391895 -0.0242513223563
0.101223805219 0.0230501342622 0.994597951709
0.192468158686
0 0 0

00000070.jpg
/home/evan/UAV_Photogrammetry_toolkit/output_dir/Final_Dehazed/6630_dehazed.jpg
1116.49108887
487 274
6.34697710351 -0.00466396028365 -7.58476469958
-5.315944229 -0.0927726640289 8.33934051919
0.0342566822319 -0.128906382225 -0.0634509158651
0.99727490868 0.017112779523 -0.0643946335254 -0.031696634437
0.989698941378 0.0610165521 -0.129522479274
-0.0654244807543 0.99740640546 -0.0300499638655
0.1273541298 0.0382146186785 0.991123627089
0.607017666978
0 0 0

00000071.jpg
/home/evan/UAV_Photogrammetry_toolkit/output_dir/Final_Dehazed/5190_dehazed.jpg
8740.72265625
487 274
2.86503566977 0.0393030870717 15.9630635946
-4.57700860524 0.114626750985 -15.5585251462
0.005344549488 -0.108630676055 0.0639495335162
0.998011016583 0.00267050280558 -0.0542793224811 0.0319535648521
0.992066127668 -0.064069698476 -0.108172440452
0.0634903404901 0.9979454023 -0.00879913149148
0.108513006783 0.00186163338764 0.994092426913
14.9142179984
0 0 0

00000072.jpg
/home/evan/UAV_Photogrammetry_toolkit/output_dir/Final_Dehazed/5250_dehazed.jpg
7872.91796875
487 274
2.6970932475 0.490772487643 12.6395114731
-3.79454104329 0.2616233707 -12.3614270691
0.00188460144136 -0.0851455905291 0.237829281219
0.992034242462 0.000939797343082 -0.0424596935981 0.118598724214
0.968265551228 -0.235388111616 -0.0840204899336
0.235227870514 0.971867777578 -0.0119360003402
0.0844653899613 -0.00820675575896 0.99639442406
12.9307517038
0 0 0

00000073.jpg
/home/evan/UAV_Photogrammetry_toolkit/output_dir/Final_Dehazed/5430_dehazed.jpg
9371.6875
487 274
1.96229275575 0.24242766873 16.0928833786
-1.84299686169 -4.4408920985e-16 -16.1087657862
0.00185575097148 0.00847261120773 0.142903112755
0.997439727168 0.000927083479032 0.00423268962035 0.07139056747
0.989772739033 -0.142408007383 0.00857574725172
0.142423145176 0.989806312605 -0.00124514448395
-0.00831166386872 0.0024536950856 0.999964985697
15.8415422426
0 0 0

00000074.jpg
/home/evan/UAV_Photogrammetry_toolkit/output_dir/Final_Dehazed/5280_dehazed.jpg
7903.81689453
487 274
2.39056078614 0.312093104203 12.6102947187
-3.08189392134 0.279397162173 -12.4601315082
-0.00132926102003 -0.0546635012038 0.209236408906
0.994160461307 -0.000663336293811 -0.0272785282565 0.104414484381
0.976709501937 -0.207572833842 -0.0543773997139
0.207646173994 0.978197404044 -0.00437754597111
0.054099537227 -0.00701539683454 0.998513185327
11.1964758079
0 0 0

00000075.jpg
/home/evan/UAV_Photogrammetry_toolkit/output_dir/Final_Dehazed/5160_dehazed.jpg
8858.37890625
487 274
2.95008066464 -0.347366853738 16.1706685638
-4.44952675838 0.0571329772462 -15.8275476776
0.002809928622 -0.0927830615593 -0.0662091691949
0.99837622753 0.00140420378119 -0.0463664182969 -0.0330866645527
0.993512524755 0.0659356322354 -0.0926746726623
-0.0661961251152 0.997809182987 0.000264247228722
0.0924898464711 0.00587194192372 0.995698659045
18.4115087078
0 0 0

00000076.jpg
/home/evan/UAV_Photogrammetry_toolkit/output_dir/Final_Dehazed/5460_dehazed.jpg
9091.42382812
487 274
1.88622448454 -0.170309078282 15.2033553789
-1.39679403068 0.060456075414 -15.2569043838
-0.000291917419509 0.0326466368137 -0.0695959870379
0.999262409169 -0.000145922822054 0.0163193048995 -0.0347894375378
0.997049339498 0.0695226913846 0.0326249005295
-0.0695324172862 0.997582622564 -0.000843990516842
-0.0326041711898 -0.00142725127972 0.999469487451
13.4577222853
0 0 0

00000077.jpg
/home/evan/UAV_Photogrammetry_toolkit/output_dir/Final_Dehazed/5490_dehazed.jpg
9264.1484375
487 274
1.45674689481 -0.164903494751 15.7332565113
-0.994030529561 0.0777802704427 -15.7698790569
0.00536614878641 0.0293896654809 -0.0021146501659
0.999888984379 0.00268297510474 0.0146942889511 -0.00105728595613
0.999567902999 0.00219258867537 0.0293798336264
-0.00203608564811 0.999987416651 -0.00539638074856
-0.0293907969955 0.00533432826183 0.999556604678
19.3861772386
0 0 0

00000078.jpg
/home/evan/UAV_Photogrammetry_toolkit/output_dir/Final_Dehazed/5550_dehazed.jpg
8942.34472656
487 274
1.40267219724 0.124591997259 14.6713459092
-0.854153946455 0.025092930569 -14.7139385311
0.00335054078657 0.0378276548346 0.175913514991
0.995955220838 0.00167301108404 0.0188883197827 0.0878381369339
0.98385716921 -0.174902716082 0.037917644587
0.17502868819 0.984566374603 -1.38502565418e-05
-0.0373300382147 0.00665112623814 0.999283663844
14.825613467
0 0 0

00000079.jpg
/home/evan/UAV_Photogrammetry_toolkit/output_dir/Final_Dehazed/5400_dehazed.jpg
9631.25195312
487 274
2.12129257579 0.307435565629 17.0180031919
-2.31496491287 -0.100014888944 -16.9951710264
0.0117521286779 -0.00916036155333 0.183351589134
0.995774409513 0.00586778539119 -0.00457372763469 0.0915466300325
0.983200741198 -0.182373271727 -0.00803419981284
0.182265894127 0.983173463514 -0.0125232966779
0.010183403926 0.0108486654544 0.999892493851
18.1838929407
0 0 0

00000080.jpg
/home/evan/UAV_Photogrammetry_toolkit/output_dir/Final_Dehazed/5220_dehazed.jpg
7285.47509766
487 274
2.84380315566 0.422297650716 11.1124380522
-4.02652532375 0.192091735006 -10.7471776429
0.00691313611752 -0.105641161441 0.20008428536
0.993602687896 0.00344919399546 -0.0527078960291 0.0998287179536
0.974513312229 -0.198743622606 -0.104053028508
0.198016707345 0.980051049644 -0.017377765179
0.105429800164 -0.0036692514791 0.994420843704
10.6320994351
0 0 0

00000081.jpg
/home/evan/UAV_Photogrammetry_toolkit/output_dir/Final_Dehazed/5580_dehazed.jpg
8208.13964844
487 274
1.27477095225 0.243917579417 12.3291349371
-0.677161054101 0.0556589945157 -12.3786076533
-0.00442719955285 0.0500129066537 0.249257507292
0.991930034361 -0.00220764200867 0.0249391499946 0.124293323015
0.967859511338 -0.246690888715 0.0489266350033
0.246470231962 0.969093137131 0.0105792420771
-0.0500249326408 0.00181993642301 0.998748123799
11.7345546131
0 0 0

00000082.jpg
