# Camera parameter file. 

# The format of each camera is as follows:
# Filename (of the undistorted image in visualize folder)
# Original filename
# Focal Length (of the undistorted image)
# 2-vec Principal Point (image center)
# 3-vec Translation T (as in P = K[R T])
# 3-vec Camera Position C (as in P = K[R -RC])
# 3-vec Axis Angle format of R
# 4-vec Quaternion format of R
# 3x3 Matrix format of R
# [Normalized radial distortion] = [radial distortion] * [focal length]^2
# 3-vec Lat/Lng/Alt from EXIF

# The nubmer of cameras in this reconstruction
9

00000000.jpg
/home/evan/UAV_Photogrammetry_toolkit/output_dir/Final_Dehazed/1800_dehazed.jpg
16.6224479675
487 274
-0.927075072751 -1.14344170896 -0.129338449257
0.710738669849 -0.00103868241646 1.2955708479
-1.46405246168 0.134167419261 -0.139916514765
0.739536560348 -0.667292831808 0.0611514679145 -0.0637718181541
0.984387528462 0.0127114223374 0.175556584694
-0.175934941842 0.101307453761 0.979175090136
-0.00533840027309 -0.994774692182 0.101962314141
-0.000253335493741
0 0 0

00000001.jpg
/home/evan/UAV_Photogrammetry_toolkit/output_dir/Final_Dehazed/1920_dehazed.jpg
14.6709737778
487 274
-1.61770469312 -1.34946063158 -0.126571348351
1.63382073998 -0.0124519000179 1.33585301808
-1.46910245467 0.000855512568201 0.0205437383641
0.742084021027 -0.670242078116 0.000390306693547 0.00937257837236
0.999825205047 -0.0144343716691 -0.0119850001304
0.0133865909147 0.1013771507 0.994758900768
-0.0131435615727 -0.99474484479 0.101552421306
-0.000237273214131
0 0 0

00000002.jpg
/home/evan/UAV_Photogrammetry_toolkit/output_dir/Final_Dehazed/1890_dehazed.jpg
13.8028011322
487 274
-1.57395253195 -1.48778782269 -0.129226283348
1.57408485086 8.881784197e-16 1.49324710951
-1.47034248932 0.00961918068802 0.0106371015273
0.7416929125 -0.670708331029 0.00438786518923 0.0048521978139
0.999915939151 -0.0130841479899 -5.89805981832e-17
0.00131121492455 0.100254592908 0.994961818227
-0.0130177940474 -0.99487664369 0.100262973755
-0.000227634014426
0 0 0

00000003.jpg
/home/evan/UAV_Photogrammetry_toolkit/output_dir/Final_Dehazed/1950_dehazed.jpg
17.3843135834
487 274
-1.46406678949 -1.05681466212 -0.118287619924
1.27167143916 0 1.28731865548
-1.46423964858 0.128095497429 -0.125180878998
0.740101105419 -0.667521197089 0.0583964925881 -0.0570677691201
0.986665765305 0.00651021751337 0.162626491012
-0.162433458525 0.102319850651 0.981401649629
-0.010250743856 -0.994731053797 0.102012969016
-0.000270437348994
0 0 0

00000004.jpg
/home/evan/UAV_Photogrammetry_toolkit/output_dir/Final_Dehazed/1860_dehazed.jpg
14.0342960358
487 274
-1.73608570932 -1.57695493957 -0.125231390995
1.79732702982 -0.00090116597941 1.51197367198
-1.47064956408 -0.0180505554725 0.0444099858384
0.741351448542 -0.670761527527 -0.00823283701101 0.0202553420379
0.999044505909 -0.0189878533386 -0.0393797176863
0.0410774553034 0.099339365767 0.9942070209
-0.0149660151114 -0.994873099332 0.100024009343
-0.000224724922841
0 0 0

00000005.jpg
/home/evan/UAV_Photogrammetry_toolkit/output_dir/Final_Dehazed/2010_dehazed.jpg
16.0753746033
487 274
-2.54469965039 -1.00383217272 -0.1080947139
2.27498126845 0 1.522933898
-1.46269658208 0.171001724499 -0.157516820205
0.738111964246 -0.666314192654 0.0778978206406 -0.0717549313851
0.977565771089 0.0021173789674 0.210617041819
-0.209735314429 0.101754876347 0.9724493534
-0.0193722117956 -0.994808556782 0.099916439619
-0.000238018135596
0 0 0

00000006.jpg
/home/evan/UAV_Photogrammetry_toolkit/output_dir/Final_Dehazed/1830_dehazed.jpg
16.5446987152
487 274
-1.48027128574 -1.33661410582 -0.120817612797
1.84286775878 -0.0682093354102 0.769100183773
-1.4518092581 -0.240050227779 0.29184215589
0.731627184295 -0.659724124385 -0.109082460693 0.132617497567
0.941028638464 -0.0501246177379 -0.334597526392
0.337981647594 0.0943539397223 0.936411743402
-0.0153667521018 -0.994276670738 0.105730769012
-0.00024620606036
0 0 0

00000007.jpg
/home/evan/UAV_Photogrammetry_toolkit/output_dir/Final_Dehazed/1980_dehazed.jpg
3754.36865234
487 274
-1.72716076205 -1.31903105308 18.4387474406
0.649899269802 18.2517805482 -3.34067619725
-1.32322509698 -0.118755206141 0.0387730347761
0.787191880332 -0.613978422722 -0.0551025931437 0.0179907460871
0.993280837548 0.0393394129504 -0.108844412772
0.095988089914 0.245414335055 0.964655037783
0.0646608428596 -0.96862027848 0.239989053237
7.77724387586
0 0 0

00000008.jpg
/home/evan/UAV_Photogrammetry_toolkit/output_dir/Final_Dehazed/2040_dehazed.jpg
1444.27099609
487 274
-2.93709956815 -1.00764200653 6.58177532779
2.37705351574 6.83089731959 0.806285061334
-1.54855570909 -0.085316704906 -0.0501403659666
0.713821001324 -0.698902629346 -0.0385056017268 -0.0226296241102
0.996010830103 0.0861303389878 -0.0233403542847
0.0215163352201 0.0220460316062 0.999525337491
0.08660407444 -0.99604016134 0.020104826015
1.77202766018
0 0 0

