# Bundle file v0.3
133 15480
1187.2598877 0 0
0.610369954424 0.0407720399001 -0.791068956678
0.0320439931496 -0.999129688183 -0.0267707601571
-0.791471470486 -0.0090084326023 -0.611143681286
0.313853338337 0.970562183918 3.79485977401
1190.37194824 0 0
0.643858020908 -0.0297175040324 -0.764570238172
-0.00445585798173 -0.999374445755 0.0350918168354
-0.765134240642 -0.0191871598005 -0.643585784751
-0.627827743248 0.857127617506 3.27616070387
1186.29516602 0 0
0.650274532136 0.0223104473324 -0.759377340266
0.0309410945998 -0.999520036343 -0.00287024679737
-0.7590734016 -0.0216291947608 -0.650648237571
0.0839238277086 0.872230743536 3.46464126821
1199.08605957 0 0
0.665327436994 -0.136900927111 -0.733893561149
-0.12392494483 -0.989659066512 0.0722640615018
-0.736197593104 0.042868776733 -0.675410736544
-1.50225937534 0.895067629543 2.81137565455
1208.71252441 0 0
0.643657923337 -0.0423993487588 -0.764142265352
0.0103834979656 -0.997889818552 0.0641151085714
-0.765244999438 -0.0492025274721 -0.641856192378
-0.969892919108 -0.801741464824 2.74947147725
1181.73510742 0 0
0.527369961855 0.0200723454215 -0.849403043543
0.0278978631706 -0.999592204773 -0.00630052869857
-0.849179554588 -0.0203733709886 -0.527711832969
-0.280650212117 -0.371893195273 4.45383917856
1195.86853027 0 0
0.65061578009 -0.0320870101045 -0.75872968889
0.0236556826559 -0.997766899022 0.0624812949073
-0.759037669706 -0.0585993618499 -0.648401320733
-0.475787466212 -2.18873271646 3.37905055393
1165.24829102 0 0
0.544707933068 -0.142026208131 -0.826514200194
-0.0707990784889 -0.989828113639 0.12343014531
-0.835633936315 -0.00871798365443 -0.549219426653
-2.85181181217 1.22223054746 4.8590164885
1154.7142334 0 0
0.519030177193 -0.250241301519 -0.817305212343
-0.153376634879 -0.967934442763 0.198959705993
-0.840885118318 0.022089807961 -0.540766599568
-3.90358072126 1.14313386205 5.86857578065
1188.55078125 0 0
0.540429040487 0.0191114820521 -0.841177244271
0.0107598032372 -0.999819726885 -0.0158023577397
-0.841321654821 -0.000511073578961 -0.540532693752
-4.5675973219 0.708674702895 5.15454805567
1228.85168457 0 0
0.532570478104 -0.140229463279 -0.83469113929
-0.0416290361603 -0.989327886922 0.139648819129
-0.845364038787 -0.0396253765475 -0.532721983423
-4.44995379251 1.35243883243 3.76087501951
1167.95019531 0 0
0.56757378793 -0.206491800024 -0.797009476996
-0.104504777031 -0.978278725155 0.179037109436
-0.816664477944 -0.0183251868386 -0.576821690775
-8.43970654314 2.14355713294 3.4154359185
1267.66967773 0 0
0.62359033711 -0.0622792279773 -0.779268117997
0.00861266902664 -0.996215874583 0.0865110989355
-0.781706563832 -0.060658836792 -0.620692698386
-8.90332193848 1.97333211495 -4.8737883783
1261.42272949 0 0
0.590604066265 0.175074670277 -0.787743618694
0.142911735075 -0.983444441275 -0.111420806208
-0.79420731726 -0.046771927595 -0.605844202134
-9.96473678148 -1.16319792568 -5.12596229246
1105.8380127 0 0
0.526978701727 0.123313901242 -0.840884809549
0.110580494243 -0.990958063156 -0.0760206397607
-0.842655663406 -0.0529245293027 -0.535849826477
-9.25260350765 -0.541684577065 4.25711941904
1228.91589355 0 0
0.61442270203 -0.0156416493475 -0.788824111583
0.0168156846606 -0.999318249292 0.0329129834767
-0.788800234905 -0.033486180375 -0.613740031077
-11.6291484359 0.0936419257095 1.63776016094
1307.89233398 0 0
0.626882048065 -0.0561959361847 -0.777085756145
0.00560188425961 -0.997046174917 0.0766231527223
-0.779094597176 -0.0523866106364 -0.624713493917
-9.29919830094 3.21276989085 -4.98023026035
1197.86621094 0 0
0.606275279038 -0.0117086303009 -0.795170550196
-0.0751545747579 -0.996263179708 -0.0426310643558
-0.791696890259 0.0856062551479 -0.604886792298
-10.1655973104 1.70461978403 2.27580405388
1192.3260498 0 0
0.919067213205 0.107585850527 -0.379132071252
0.114759582044 -0.993388245524 -0.0037008924839
-0.377026445489 -0.0401080450754 -0.925334108821
-13.3894079839 0.121092659444 -7.36544927081
1171.48803711 0 0
0.977181891157 0.0343047584924 -0.209618002905
0.0423116082714 -0.998535324116 0.0338355189324
-0.208151360902 -0.041932796408 -0.977197208853
-14.3937549354 1.20645075487 -8.47391648175
1014.3760376 0 0
0.755797372179 -0.104432729144 -0.646430355605
-0.0568504898573 -0.993940645902 0.0941047302948
-0.652337179147 -0.034374478321 -0.757149792223
-16.0014717216 0.728156711963 -1.34402872352
1071.41186523 0 0
0.609334102324 -0.0477066144449 -0.791477538988
0.00685732908271 -0.997836074761 0.0654244285304
-0.7928849612 -0.0452928361691 -0.60768660224
-14.5421350249 -1.39971275235 2.87391863278
1194.49230957 0 0
0.652155445437 -0.0861464381305 -0.753176226726
0.0618431423618 -0.98416766365 0.166115212122
-0.755558563931 -0.154911729605 -0.636499393903
-15.3379738738 -1.40020256896 -1.17488717432
724.976196289 0 0
0.625377690101 0.0736240321425 -0.776842586924
0.0817984204689 -0.996242971647 -0.0285682800827
-0.776024530633 -0.0456788788511 -0.629047188702
-12.9998408991 -2.49244372143 5.14050250134
1127.94592285 0 0
0.36515244563 -0.055557767933 -0.929289388337
0.00924430093827 -0.997952938808 0.0632952225442
-0.930903060162 -0.0317028931293 -0.363891634717
-13.7131405514 0.280265057021 0.911617748774
1135.4597168 0 0
0.346633350019 0.0316860075402 -0.937466245715
0.101867142313 -0.994792147848 0.00404312460049
-0.932453988351 -0.0968986498672 -0.348055783504
-13.2452439154 -0.507211346527 0.876057090366
841.027832031 0 0
0.636583741495 -0.000105795883545 -0.771209900084
0.0353113375298 -0.998947049524 0.0292823005906
-0.770400444659 -0.0458726230041 -0.635908736434
-12.4909474863 -3.80507755123 3.53360374771
1087.69042969 0 0
0.735469038101 -0.0655670470947 -0.674377437559
0.000388565951311 -0.995265945645 0.0971896904392
-0.677557506704 -0.0717411894165 -0.731961182563
-15.1581128991 -3.70801903638 -0.360859425537
1154.24609375 0 0
0.67905403481 0.132037696913 -0.722118279333
0.0984743851015 -0.991186467975 -0.0886350354208
-0.727454450606 -0.0109224789918 -0.686068534983
-11.9895662822 -6.06683164245 -0.888817440142
1179.16479492 0 0
0.748843710211 -0.0108137135797 -0.66266214243
0.058095488025 -0.994947800214 0.0818864013716
-0.66019807491 -0.099817665048 -0.744429775177
-14.1802584513 -6.28951679947 -0.894874097733
1269.71801758 0 0
0.765219469698 0.0462527166988 -0.642110177638
0.0824515633477 -0.996242967489 0.0264973790862
-0.638470316737 -0.0732192439533 -0.766155835254
-13.1012594432 -7.15413528576 -0.480535201503
1197.03222656 0 0
0.112834185569 0.250163259572 -0.961606936294
0.062202831724 -0.967667536531 -0.244439369505
-0.991663999229 -0.0322338104503 -0.12474850289
2.28578809065 -3.20846222389 0.426456672173
1191.26745605 0 0
0.125659212312 -0.0133389026441 -0.991984561898
0.0634369310655 -0.997757458249 0.0214525857135
-0.990042803847 -0.0656243518076 -0.124530622266
1.56982031529 -3.77941222716 0.496530194534
841.894348145 0 0
0.392264526432 0.0719272698447 -0.917037133973
0.0461365994902 -0.9972250015 -0.0584822520276
-0.918695498568 -0.0193689240905 -0.394492374696
1.52436738162 -4.05495233502 6.71427583524
1110.89453125 0 0
0.854658326523 0.039166117825 -0.517709492586
0.0643419188848 -0.997455068681 0.0307600590358
-0.515187119827 -0.0595999397117 -0.855002202451
-12.3913443654 -7.22481809885 -0.359921838855
1220.69567871 0 0
0.905059146487 -0.0395285427745 -0.423441988871
-0.032203324564 -0.999183697541 0.0244443896829
-0.424063869445 -0.00848777565845 -0.905591898467
-14.3208355597 -5.73098721833 -2.48306615524
1224.39123535 0 0
0.902049140712 -0.212124620696 -0.375914780965
-0.176621094759 -0.976059537801 0.126959408714
-0.393846336493 -0.0481292676099 -0.917916794813
-17.0899957303 -2.84704100815 -4.46336320051
1237.90759277 0 0
0.741691380045 -0.0270586392934 -0.670194824096
0.0320663816993 -0.996613216577 0.075723900048
-0.669975314098 -0.0776546585526 -0.738311205672
-4.71994970332 -2.93710555339 -0.249965513093
1132.50732422 0 0
0.8861599926 0.235152063765 -0.399275214984
0.227367933511 -0.971466399367 -0.0675155099292
-0.403761521774 -0.0309523862549 -0.914342388181
-20.6186055146 -6.05582761036 -7.14071655974
1081.74914551 0 0
0.931224715379 0.0120833113598 -0.364244618257
0.0172582942093 -0.999794469015 0.0109579154607
-0.364037849293 -0.0164911539596 -0.931239334268
-19.9224179998 0.810529092594 -4.63371462372
1228.66906738 0 0
0.690795315983 0.196126227195 -0.695943481204
0.191124161913 -0.977805532432 -0.0858486029752
-0.697332899794 -0.0737079308924 -0.712945646612
-1.55173134932 0.693139945131 -1.70777280315
1192.63305664 0 0
0.707857653305 0.00971778320082 -0.706288662012
0.0887391294026 -0.9932071055 0.0752705009148
-0.700759339877 -0.115956472418 -0.70391066957
0.20361706711 -4.28550355621 0.580888796751
1176.59631348 0 0
0.811914409573 0.100220147153 -0.575112385554
0.14639371476 -0.988628984577 0.034389404822
-0.565127432618 -0.11211384587 -0.817351144094
-2.47930345128 -4.32030451611 1.677888276
1200.0246582 0 0
0.95513463194 0.239972833862 -0.173584556762
0.253762071077 -0.965289012358 0.0618269617699
-0.152725140661 -0.103102778979 -0.982875665535
-12.5606372701 -9.54658481401 -9.27140345913
1178.9876709 0 0
0.968067165591 0.192330535777 0.160800751541
0.183840709162 -0.980723517133 0.0662478525468
0.170441729169 -0.0345705599189 -0.984761392303
-14.9325826609 -1.67249334505 -19.9775390282
1090.30871582 0 0
0.898921419873 -0.0404001115411 -0.436243168474
-0.00958671142173 -0.997316378215 0.0726059162865
-0.43800631777 -0.0610847700558 -0.896895227313
-22.773468809 -0.611695815302 -5.21845375846
1139.38256836 0 0
0.762885293341 0.0324071703241 -0.645722626406
0.0822775339193 -0.995488504698 0.0472451618988
-0.641278699072 -0.0891717099709 -0.762109122116
0.0669439487444 -3.73482034959 4.96282019774
1886.08361816 0 0
0.750072493217 0.0730282149888 -0.657315528464
0.160765525863 -0.98420878875 0.0741041126557
-0.64152225727 -0.161255450638 -0.749964929301
-15.5129940496 -5.1335182067 -11.905015191
1236.14477539 0 0
0.75335081673 0.0510505981103 -0.65563635644
0.0423135735248 -0.998680694616 -0.0291421812811
-0.65625760567 -0.00578909769397 -0.754514711182
-2.39752412567 3.71146263072 -1.39190526685
1265.10754395 0 0
0.577005740262 -0.105211054943 -0.809937382129
-0.0929681865718 -0.993686292209 0.0628497632074
-0.811431940421 0.0390331984793 -0.583140795729
-9.65394712457 5.45087819792 -3.04532460373
1281.38476562 0 0
0.579441360001 -0.108850933656 -0.807714046452
-0.105778562966 -0.992703213166 0.0578976974042
-0.808121611582 0.0518902689367 -0.586726251321
-9.79743212287 5.69100707229 -3.43893185448
1322.78076172 0 0
0.65967767696 -0.0831597381851 -0.746936407175
-0.0642989535073 -0.996461846317 0.0541536132253
-0.748794619943 0.0123032085852 -0.662688355524
-9.29172958034 4.76892494192 -5.52947265099
1364.57214355 0 0
0.828849936177 0.127898893883 -0.544657796856
0.0889959781061 -0.99126575048 -0.097339936625
-0.552350465546 0.0322071856036 -0.832989372162
-8.18264836704 3.00423874161 -7.66847920824
1163.47924805 0 0
0.482633343078 0.0227468797174 -0.875528036914
0.0174516953944 -0.999714422459 -0.0163528902749
-0.875649671747 -0.00738712256861 -0.482892043987
2.28737110363 -4.32519779945 4.7217633852
1132.31787109 0 0
0.928395371062 0.0895422043683 -0.360642793205
0.036533951745 -0.987826638353 -0.151213644434
-0.369792161982 0.127210332268 -0.920365145651
-22.8443665421 -3.19297884712 -4.5857571147
1083.16052246 0 0
0.927245493756 -0.0480274581695 -0.371360434238
-0.115061462782 -0.980305012228 -0.160513527628
-0.356338247839 0.191564643617 -0.914508060535
-23.3115312015 -0.946330485205 -4.99429340246
1117.40576172 0 0
0.99432686776 -0.0164294633792 0.105097561775
-0.0201246012066 -0.999213338717 0.0341985907736
0.104451573473 -0.0361195194481 -0.993875037805
-19.5403393347 0.857487697541 -18.3188037438
1102.0802002 0 0
0.920949840026 -0.120477605963 -0.370592118115
-0.119573060291 -0.992498094597 0.0255070129014
-0.370885440494 0.0208222975374 -0.928445920076
-23.057975638 3.1804141839 -8.02611378839
1096.06628418 0 0
0.909192118712 -0.0269096047436 -0.415511496312
-0.00179188706286 -0.998155613975 0.0607218040073
-0.416379540162 -0.0544626413997 -0.907560011495
-23.4557025171 1.46940418856 -3.71942946798
1245.49084473 0 0
0.737400531005 -0.078738019503 -0.67085082359
-0.0664916843021 -0.996821457577 0.0439080703999
-0.672176441038 0.0122278791269 -0.74029091287
-2.26067323791 5.35237419299 -2.37167494504
1164.09912109 0 0
0.34111929602 -0.0564617331472 -0.938324393024
0.143187996375 -0.983425991737 0.111230568543
-0.929049946003 -0.172299360804 -0.327380612694
-15.8345486679 0.232850003803 1.19054841652
1051.87524414 0 0
0.494869653424 -0.201261075427 -0.845338816647
-0.0754432164997 -0.979089306007 0.188939631029
-0.865686389616 -0.0297258524843 -0.499703682874
-17.2903833181 1.8758008273 2.56709607825
1159.11291504 0 0
0.750040426877 0.202966194546 -0.629481940261
0.149612286104 -0.979147667847 -0.13744337521
-0.644250918731 0.00890945542449 -0.764763020646
-4.48657858926 -5.23135239942 4.35597248101
1196.16088867 0 0
0.994033836825 0.108778177184 0.00799939037846
0.108227665946 -0.992792405427 0.051505061465
0.0135440841858 -0.0503322954006 -0.998641407437
-15.2909617682 -7.84213773517 -13.6781469714
1155.2277832 0 0
0.808107985385 0.241080405321 -0.537441021986
0.112383795519 -0.958752627218 -0.261085651005
-0.578215308453 0.150584938573 -0.801868184602
-1.41871987205 2.53117141235 -0.517450387722
1240.14318848 0 0
0.95867623297 -0.280132540765 0.0496616190687
-0.281884427224 -0.958894908163 0.032595439088
0.0384858852509 -0.045245892212 -0.998236101539
-22.519155513 0.0107926873746 -16.6413496603
1271.40222168 0 0
0.999728250317 0.0233138666927 -5.55111512313e-17
0.0232735779023 -0.998030189654 0.058288852548
0.00135932119711 -0.0582726461066 -0.998299188104
-23.1820112582 -6.34239973383 -17.8104466327
1238.42492676 0 0
0.979943288644 0.0666871933102 0.187789159352
0.0602164908245 -0.99738874415 0.0399576779654
0.189963080751 -0.0278487752249 -0.981397765557
-21.505653519 -8.1081304569 -20.5132768735
1276.88269043 0 0
0.950362483054 -0.264107085949 0.164498227702
-0.270077591173 -0.962728886266 0.0146300514865
0.154502012406 -0.0583310998102 -0.986268394755
-30.8343145396 1.22408836982 -23.0949882989
1264.54663086 0 0
0.953597170064 -0.240316813927 0.181386439504
-0.250048591132 -0.96769021749 0.0324846779357
0.167718050565 -0.0763322647644 -0.98287575399
-26.5776255414 1.38654146715 -21.5559058427
1292.57202148 0 0
0.952536832261 -0.235977195465 0.192312817791
-0.242962183258 -0.96994910201 0.0132277082176
0.1834109352 -0.0593241520938 -0.981243467888
-34.7772836886 1.43731031835 -24.8037801327
1284.40161133 0 0
0.973185551038 0.0222252294688 0.228938842652
0.00316728563943 -0.996523242324 0.0832727972545
0.229993295708 -0.0803147218198 -0.96987221505
-32.4903070979 -6.23414982215 -26.7334690095
1273.39672852 0 0
0.989342746806 -0.0803802509407 0.121416767143
-0.0929196976585 -0.990499649144 0.101404305012
0.112110976282 -0.111604940708 -0.987407936036
-28.7898634409 -1.71987777106 -21.4837973981
1270.69848633 0 0
0.639584218274 -0.224098476648 0.735330537033
-0.188039899772 -0.973114915484 -0.13301062094
0.745368200712 -0.0531999783891 -0.664527254787
-15.6108932988 -2.62040818583 -39.3944377682
1268.39526367 0 0
0.648219519914 -0.104394876517 0.754262312661
-0.0609344684146 -0.994494831071 -0.0852784824204
0.759010889296 0.00931980721455 -0.651010317587
-17.5808538533 -5.89260760538 -38.9808253024
1265.01318359 0 0
0.670109018594 0.170506528356 0.722415151817
0.0679108161341 -0.983263078976 0.169078093807
0.739150438458 -0.0642403748021 -0.670469526955
-18.4060857646 -8.25640309844 -39.1034244849
1226.37268066 0 0
0.719328173657 0.0116667260766 0.694574323422
-0.00439606619293 -0.999762433939 0.0213457153635
0.694657779266 -0.018408138025 -0.719105023912
-25.3697146105 -7.10285050817 -35.4053741428
1231.19494629 0 0
0.884808231587 0.198507180451 0.421556007274
0.163862477008 -0.979485930232 0.117298196058
0.436192059908 -0.0347089830307 -0.899184888514
-34.3316453785 -13.4361187097 -26.1490038726
1250.09069824 0 0
0.897623494291 -0.19344007148 0.396043898482
-0.200926256284 -0.979339051461 -0.0229478142402
0.392300353197 -0.0589768219645 -0.917945690403
-41.0961383002 1.91178634224 -25.5615809525
1255.78857422 0 0
0.911047627499 0.00145452862276 0.412297066681
-0.0213419056716 -0.998489295553 0.0506791269963
0.411747070632 -0.0549700341891 -0.909639418785
-40.3756538844 -6.6119226295 -27.4131549879
1269.74230957 0 0
0.522316050936 0.107080692143 0.846002699969
-0.0123083676756 -0.991037082837 0.133036246884
0.852663388948 -0.0798993521753 -0.516315198318
-16.7729295517 -6.45906797947 -46.4056135702
1271.48486328 0 0
0.461826911267 0.116001221847 0.879350687623
-0.00192946268601 -0.991279587172 0.131779330155
0.886966956544 -0.0625545991151 -0.457574305376
-14.366933888 -6.41280478994 -46.8483159514
1293.76599121 0 0
0.591045754294 0.16014770041 0.790579547861
-0.0609973178684 -0.968416995316 0.24177331146
0.804328767982 -0.19112182419 -0.562609933885
-22.0166412814 -3.3976320298 -46.8139084292
1266.75244141 0 0
0.47937619182 -0.154080898974 0.863980288789
-0.139904002739 -0.985295930807 -0.0980908507023
0.866388653266 -0.0738516526677 -0.493882058572
-20.4564990121 -0.97687186193 -46.7497848701
1271.95422363 0 0
0.426746866201 -0.102871930288 0.898501952073
-0.114167726848 -0.991689390887 -0.0593174690942
0.89713626566 -0.0772663087286 -0.434944603717
-19.3142399102 -2.79272582143 -48.7227610319
1269.80273438 0 0
0.466738301662 -0.173333568854 0.867244980625
-0.175401783848 -0.979270192533 -0.101325205618
0.866827977551 -0.104823602438 -0.487463394308
-22.3307359065 0.245967701122 -47.5920196129
1281.48632812 0 0
0.49566651621 0.122599755742 0.859816242049
-0.0432644491407 -0.985273256699 0.165429436763
0.867433597061 -0.119197134957 -0.483061035737
-19.105826151 -5.33840113308 -49.6650933969
1273.59899902 0 0
0.516738679218 0.103625971576 0.849849286876
-0.0191671373182 -0.990999076823 0.1324918131
0.85592819761 -0.0847526983506 -0.51010041002
-22.3104714642 -7.07512081045 -47.8931605038
1266.93579102 0 0
0.433883988267 0.189530329875 0.880808016317
0.00272782195478 -0.977897349263 0.209075950355
0.900965086782 -0.0883118255248 -0.424810342993
-18.7353626052 -7.14578607623 -47.9633212654
1259.73022461 0 0
0.238063601174 0.0989016807421 0.966200542978
-0.0299028546104 -0.99358541555 0.109072203861
0.970788323378 -0.0548578980869 -0.233578822142
-14.6828968439 -6.52086468799 -49.4255287159
1261.36364746 0 0
0.295381604741 0.177463469723 0.938753176793
0.043954059347 -0.98408179016 0.172201968783
0.954367612089 -0.00960299888598 -0.298478809123
-13.6665862442 -9.29866155769 -48.1225398191
1257.89355469 0 0
0.229188065675 -0.0146150497864 0.973271928415
-0.0505504492305 -0.998717373009 -0.00309444189986
0.972067965505 -0.0484896852035 -0.229633305313
-14.8201364863 -5.23101304887 -49.0235592718
1265.48303223 0 0
0.351327571503 -0.0250243163955 0.935918758579
-0.0422068453483 -0.999050494348 -0.0108689699288
0.935301776982 -0.0356838012589 -0.352051670494
-17.2156544408 -4.47242624369 -48.1022669204
1265.06396484 0 0
0.476570160661 0.0241939491898 0.878803661469
-0.0451085886843 -0.9976325183 0.0519273823937
0.877978643363 -0.0643884772678 -0.474349228165
-17.0728204647 -3.63516509761 -46.6529458975
1252.81762695 0 0
0.251790655599 0.0561779699366 0.966150024739
-0.036642727101 -0.997045945607 0.0675236787462
0.96708868632 -0.0524049020012 -0.248989242046
-15.8977123887 -4.40029601385 -49.4911976663
1248.33764648 0 0
0.323742812411 0.0570749752477 0.944421745758
-0.0234359296926 -0.997389166124 0.0683089147196
0.945854850305 -0.0442478449784 -0.321561386593
-21.2024889574 -4.89762829835 -47.6830024793
1241.74755859 0 0
0.223328649332 0.0534216916825 0.973278256121
-0.0215505696784 -0.99798307139 0.0597225442463
0.974506799814 -0.0343129905758 -0.221726683524
-15.3876265791 -4.42287813112 -49.6868292881
1248.31506348 0 0
0.44087933211 0.0172881029322 0.89739976307
-0.0543928467365 -0.997461621229 0.0459381111196
0.895918076076 -0.069065784867 -0.438820971128
-27.862207474 -3.06458879345 -44.6768580379
1227.72583008 0 0
0.618587943906 0.0131305503567 0.785604930664
-0.0333675339083 -0.998518832016 0.0429628492914
0.785006525812 -0.0527898262036 -0.617234546583
-36.6146868402 -3.5875839436 -37.4495596515
1256.15576172 0 0
0.0882989557234 0.0536312014564 0.99464841331
0.00396522495212 -0.998560406841 0.0534897305166
0.99608629929 -0.000779405393393 -0.088385246887
-9.55519389064 -3.95062425781 -51.4199258508
1140.19213867 0 0
0.249982755274 -0.0263677271711 0.967890855739
-0.0633449118467 -0.997933456113 -0.0108262255307
0.966176012047 -0.0586044401196 -0.251138191462
-18.1173377836 0.388630837535 -48.9795392674
1236.21875 0 0
0.207144285327 0.0188736579154 0.978127971492
-0.0152206961934 -0.999630922251 0.0225109718931
0.978192208868 -0.0195503947366 -0.206780665953
-15.9299332722 -0.225015264888 -51.0259691043
1216.67175293 0 0
-0.130447597674 -0.0155610191634 0.991333609444
0.00098542022944 -0.999877737897 -0.0155658827838
0.991455726454 -0.00105338708735 0.130447715905
1.01944541229 -0.409517930518 -52.792249352
1222.42163086 0 0
-0.17926837871 -0.0743658388887 0.980986178577
0.00437168503638 -0.997189022695 -0.0747954328711
0.983790802425 -0.00911959642223 0.179089360205
4.60802446283 0.0270559270576 -51.3700899379
1214.01574707 0 0
-0.168015907603 -0.0451188072219 0.984751837715
-0.00729186981663 -0.998867162143 -0.0470098009414
0.985757692982 -0.0150782033653 0.167496739668
3.86222308254 0.87396713189 -51.6409469148
1239.30407715 0 0
0.000432496935135 -0.0603487007083 0.998178359166
-0.0705171404808 -0.99569461501 -0.0601684517551
0.997510677867 -0.0703624141635 -0.00468712901583
-4.82438094633 4.31377804517 -51.2644078261
1213.1262207 0 0
-0.14722636332 0.101966185925 0.983832721469
-0.0909555099328 -0.991854091667 0.0891860681325
0.98491273822 -0.0763542496647 0.155302803961
2.92910841755 4.36000655701 -52.8988825962
1218.3638916 0 0
0.10791860072 -0.0541548684476 0.992685071084
0.00616125137863 -0.998458811356 -0.0551398598322
0.994140440833 0.0120668521878 -0.107419066701
-11.2873528612 0.000114328813468 -50.6473711529
1310.34851074 0 0
-0.0278037419176 -0.0838314767494 0.996091234366
0.0657370275321 -0.994472725585 -0.0818603114994
0.997449456128 0.0632035634329 0.0331619419011
-3.17563715152 -1.78139784987 -49.7703216864
1253.36462402 0 0
0.64055032262 0.0149329856822 0.767770956656
0.044220480177 -0.9988695794 -0.0174660695673
0.7666418507 0.0451392876294 -0.640485889154
-38.627792078 -1.89583175498 -36.1409991491
1210.80566406 0 0
-0.0749941844102 0.217941032989 0.973075919282
-0.0464488690167 -0.975530329338 0.214910662809
0.996101848819 -0.0290805697518 0.0832813000458
1.62560862916 2.61774493605 -50.036906241
1241.17724609 0 0
0.737719561017 -0.0775959746301 -0.670633429621
-0.0647120026194 -0.996926650292 0.0441643206507
-0.671999772764 0.0108170680258 -0.740473213663
-2.26961344993 5.32571616441 -2.25015584633
1721.11584473 0 0
0.89367839121 0.17994013829 0.411045422149
0.141519172368 -0.982346360372 0.122347348438
0.425804443076 -0.0511685963862 -0.903367206234
-33.6452998208 -4.32180278728 -45.693557858
1698.28967285 0 0
0.913456355754 0.0694739694459 0.400961994543
0.0416479346827 -0.996106443469 0.0777133259584
0.404800450648 -0.0542885581789 -0.912793439972
-32.0883552175 -0.0712768609824 -44.5917525471
1710.77392578 0 0
0.910632617222 -0.0873845287633 0.403871259375
-0.102063800751 -0.994667207267 0.0149152864822
0.400414103735 -0.0548029042147 -0.914694053777
-29.9224669164 5.30085252227 -45.1190170896
2633.40258789 0 0
0.963781772796 0.0678384236882 0.257914816074
0.043266851872 -0.994068455588 0.0997837337694
0.263154711773 -0.0850109479982 -0.960999876762
-29.4025098811 -0.139759090479 -60.0569721756
1732.796875 0 0
0.939494784953 -0.0145037376293 0.342260997651
-0.040193986703 -0.996869410588 0.0680870812026
0.340201184704 -0.0777242516425 -0.937134586466
-28.0397173443 3.25659919328 -40.6843102037
2161.94116211 0 0
0.968464730473 -0.00330276892491 0.249132259891
-0.011314344546 -0.999463359777 0.0307345726392
0.248896137215 -0.0325842425542 -0.967980820165
-25.8521039665 0.131378251217 -41.1420488593
1219.32080078 0 0
0.508615336871 0.160743825254 0.845855713789
0.0371717998812 -0.985601519921 0.164948910113
0.860190052557 -0.052453558224 -0.507267366704
-12.55751151 -0.145382983185 -50.1922829916
661.885803223 0 0
0.779070860341 -0.285553240607 0.558130762391
-0.297152495606 -0.952086411456 -0.0723284640807
0.552041753981 -0.109500658566 -0.826594968323
-26.6458912542 12.6324897031 -28.748083233
1254.4597168 0 0
0.230626953976 0.216571718689 0.948633818188
-0.0468552715621 -0.971313865638 0.233140176352
0.971913513515 -0.0982171221305 -0.213863921423
0.395060073346 4.49146896981 -53.3223481328
1210.83984375 0 0
0.219347432316 0.237280103902 0.946353335575
-0.0344801137164 -0.967484578171 0.250570072674
0.975037559581 -0.0875922789305 -0.204032750439
-2.97191988649 2.98238425122 -51.3283585727
1252.31848145 0 0
0.949586880912 0.0123202742921 0.313260730139
-0.0281411359875 -0.991842919938 0.124313007292
0.312236796583 -0.12686160678 -0.941495268438
-20.940526709 1.66184370617 -28.8822286846
800.816040039 0 0
0.930976172833 -0.0528216923501 0.361238749167
-0.0609370795985 -0.998079983917 0.01110232804
0.359958257707 -0.0323487420531 -0.932407161574
-20.8756874472 2.51184305674 -22.0923680855
1311.15368652 0 0
0.942859009007 -0.0919939614863 0.320241546348
-0.122955188967 -0.989359164678 0.0777976644505
0.309676439292 -0.112727498761 -0.944136002326
-21.4882693114 3.44555858881 -29.2476902594
1210.24291992 0 0
0.902716548885 0.225948092695 0.366129471473
0.16041830456 -0.966395336802 0.200864417333
0.399210002105 -0.122589826824 -0.908626411596
-17.0658611281 -2.05189751767 -29.0254378292
1145.80786133 0 0
0.979262389334 0.00839894134528 0.202419742678
-0.0122891342274 -0.994837753547 0.100728679246
0.202220879993 -0.10112741973 -0.974104764718
-12.600175704 1.54296730696 -30.2547912596
1154.30407715 0 0
0.937393879973 0.267540636619 0.222968782222
0.232523121411 -0.957399921263 0.171225882333
0.25927976801 -0.108660617362 -0.959670074288
-12.2561564254 -2.87431541609 -26.151239215
1145.10827637 0 0
0.961465959401 -0.0864272736662 0.260987312609
-0.100136364827 -0.99418257725 0.0396692704368
0.25604069982 -0.0642749237798 -0.964526962902
-12.7818660377 2.08283786236 -30.7317880984
1143.85827637 0 0
0.966776431214 0.0688807691305 0.246169808532
0.0364339904634 -0.990309653815 0.134013142895
0.253015314549 -0.120591599149 -0.95991757349
-11.4890107681 1.45316389742 -30.329710929
1137.30712891 0 0
0.974391270201 0.169274423661 -0.148013817934
0.171582935123 -0.98516497691 0.00287327785424
-0.145332111004 -0.0281963868727 -0.988981396173
-17.4367136519 -3.91416046838 -23.6256760078
1162.5032959 0 0
0.988228227508 -0.0230164145087 -0.15124934815
-0.00376493433546 -0.99197816531 0.126353587188
-0.152944015999 -0.124296715446 -0.980387384289
-12.3123486986 2.33008342126 -23.4497036347
1200.16821289 0 0
0.972493429035 0.0547238789181 0.226407928406
0.0530464915386 -0.998500610859 0.0134915388761
0.226806964243 -0.00111045969488 -0.973938769471
-11.2400556278 -2.3993242871 -27.6924078691
20.0253382796 -2.64403518112 -0.193185124762
52 55 81
3 21 402 -168.184356689 110.951965332 47 296 -43.5570678711 53.3336181641 61 488 -428.13671875 186.672988892
20.2266212193 0.296021675398 19.3026318287
102 117 115
4 0 2 -124.710327148 37.8845214844 1 4 -113.872253418 54.6563720703 2 3 -67.9627685547 55.7438659668 4 4 -131.65423584 18.5065917969
16.6645034732 2.62427465279 6.33000799592
152 160 135
6 0 9 444.796875 -102.132446289 1 13 408.751342773 -127.490875244 2 11 480.664550781 -98.3824157715 40 23 382.080810547 48.8418579102 9 10 -80.3385620117 -173.680236816 10 13 -106.340820312 -93.5383300781
17.9321272492 0.0654729667564 4.77694028996
158 110 90
2 0 12 561.262573242 100.32244873 1 19 543.771972656 66.9293518066
14.7474614704 4.27323671771 18.8266325364
29 39 39
2 0 1518 -306.910125732 -189.316223145 6 2115 -286.541595459 -266.024047852
20.4934012831 2.03018218854 -0.385537229296
116 111 129
5 16 1417 227.592285156 77.9571533203 22 1047 -129.639251709 -153.042602539 21 661 -142.721466064 -255.423950195 24 927 -346.35168457 -91.7848205566 39 736 -61.948059082 -79.8829040527
17.2282137739 -0.466029667288 8.71752689211
158 109 96
2 2 3592 335.528442383 133.124649048 8 2435 -167.674407959 58.3147888184
15.5154043264 4.38239250787 12.3080177249
56 45 44
9 0 27 16.6611938477 -231.125610352 1 29 -13.071472168 -219.161193848 2 23 65.8674316406 -213.632080078 3 43 -54.6917724609 -303.899414062 4 36 -39.2373657227 -282.154907227 7 34 -372.690307617 -193.812805176 8 30 -507.705810547 -218.62322998 9 33 -456.972106934 -263.038879395 10 40 -475.042205811 -130.902191162
16.5496379469 1.23602280159 18.0138282279
73 82 103
4 0 2523 -215.541503906 -12.3610839844 6 1933 -189.671356201 -106.235198975 42 2254 36.8400268555 -128.70401001 41 2351 -38.4476318359 -132.518066406
14.7205250266 3.45279562909 5.79245736008
191 215 244
3 0 20 443.253173828 -196.605224609 1 32 389.954833984 -223.007629395 2 21 474.711791992 -190.092590332
16.5130974478 3.77751492645 12.6329640211
76 79 89
4 0 29 39.3137207031 -177.841186523 1 33 13.4860229492 -169.542053223 2 25 88.1013793945 -161.395385742 40 71 98.7314453125 -53.117401123
16.9508917383 1.76071171382 16.5332091665
70 59 69
5 0 28 -138.452880859 -40.8128051758 1 34 -140.055145264 -23.9111938477 2 24 -81.5645751953 -24.2328186035 3 40 -144.515350342 -99.1464538574 40 63 -52.9468994141 37.6888427734
14.3314880298 4.45552160457 13.5625634828
50 50 59
2 0 36 -106.725219727 -243.48449707 1 40 -132.067840576 -220.690979004
14.3703003572 4.46813281536 13.6088341478
50 50 59
8 0 37 -106.725219727 -243.48449707 1 41 -132.067840576 -220.690979004 2 36 -56.475402832 -224.506530762 3 54 -170.04977417 -289.280883789 7 39 -483.096374512 -175.894958496 10 45 -573.760009766 -117.546722412 9 35 -560.719482422 -261.398681641 40 83 -11.5771484375 -117.303527832
16.5694382253 1.6958298065 17.3858665519
253 255 254
11 0 46 -189.805450439 -36.7460632324 1 57 -185.561676025 -16.0633544922 2 45 -132.851867676 -19.1473388672 3 62 -192.385040283 -86.2870483398 7 85 -472.87612915 27.5798034668 8 68 -563.311157227 23.3563842773 9 75 -567.47857666 -59.7717590332 10 81 -554.940979004 75.6650695801 13 147 -525.848999023 -95.3167114258 12 126 -488.323181152 73.466003418 40 96 -89.022644043 34.3566894531
15.2652330196 1.94221999655 11.4849026356
147 145 162
3 6 2405 49.4857177734 -223.363586426 42 2712 232.338806152 -239.344177246 37 2558 -72.2299804688 -221.199707031
17.1439489267 0.345950524949 4.8416924941
162 103 103
2 16 3118 -139.190582275 198.591217041 50 6727 -231.987060547 232.350097656
22.6761579909 0.338143703714 27.6653564274
252 254 254
6 0 63 -281.224822998 22.5994873047 1 64 -257.462982178 48.6596069336 2 80 -223.509216309 44.5765991211 3 60 -240.823547363 -10.8179931641 5 79 -433.214447021 -7.68746948242 40 84 -164.271514893 73.6017456055
16.864848862 -2.87893919241 9.12382994011
188 151 145
3 5 3630 62.4630126953 227.809249878 7 3850 -60.919128418 311.283935547 9 3946 -251.560058594 287.0730896
25.1287480005 -5.85962468103 27.7425901151
254 253 254
12 0 2849 -221.079528809 231.990158081 4 2673 -194.155273438 237.201034546 6 4145 -171.639801025 204.191665649 5 3381 -367.257446289 207.35760498 1 5011 -183.026000977 251.869995117 7 4686 -373.068786621 289.229949951 41 5187 -53.6472167969 190.358963013 46 4954 39.3096923828 191.596099854 40 7224 -142.148681641 271.70123291 48 8373 -59.1173095703 298.835113525 59 5627 -56.974609375 317.56817627 111 6646 -56.9555664062 317.979766846
18.1584795489 3.76809342344 5.6718356992
76 87 75
3 0 97 509.565917969 -171.500732422 1 67 475.186401367 -198.214355469 2 106 542.250976562 -167.244384766
16.3051337881 2.69951076735 9.62696871213
36 22 22
3 0 53 210.534545898 -111.5887146 1 68 182.07800293 -118.24005127 2 59 256.798156738 -100.697021484
16.46139932 -3.13618420893 9.74943120456
200 165 159
2 5 3226 4.03997802734 246.848495483 7 4175 -114.430908203 335.631896973
22.1415255219 -1.76518428146 27.2090473071
176 185 197
18 0 68 -288.950439453 100.608154297 1 71 -259.598205566 126.912353516 2 68 -230.584869385 119.006210327 3 71 -236.434143066 67.4245605469 4 79 -271.792205811 107.959472656 5 74 -439.357543945 70.285949707 6 76 -246.953094482 67.2057189941 7 90 -469.050323486 170.136459351 8 76 -514.91619873 174.935577393 10 92 -533.818481445 210.051879883 37 101 -221.557647705 53.1548461914 40 100 -182.964477539 142.155761719 42 74 -10.5772094727 57.0377502441 46 76 -25.1334838867 42.6577758789 48 95 -119.307250977 185.84185791 59 114 -128.757141113 221.03578186 64 84 46.3900756836 -11.8581542969 111 120 -129.406433105 220.873245239
16.2028629355 0.650359431647 10.5273425142
181 131 120
4 0 3678 143.968994141 41.9848937988 7 3198 -220.374267578 58.6459350586 2 3231 195.305541992 50.5124816895 5 3127 -53.2738037109 -51.0107727051
16.306962034 0.745622203388 10.3919608608
192 144 130
2 1 1869 140.799743652 29.187713623 7 1927 -209.106445312 48.7087402344
19.0178990297 -2.19468693122 1.40378255105
187 137 128
2 11 2417 147.916015625 222.722259521 21 1897 -309.713897705 79.9141540527
16.0367542667 3.46296643215 7.01264710364
26 21 20
2 0 122 382.502441406 -175.711364746 1 84 340.419250488 -195.877258301
13.7688399159 4.25091451301 19.6686170028
45 58 56
4 0 1165 -374.388275146 -189.166748047 6 1134 -352.475341797 -260.125610352 2 1361 -320.594970703 -166.68560791 3 1351 -389.486663818 -190.263122559
17.1403796623 1.29377292485 8.18053459193
138 95 89
8 0 96 329.776733398 2.81890869141 1 89 305.129699707 -15.8590393066 2 102 371.526489258 6.5754699707 3 97 279.009277344 -143.876647949 4 90 273.219543457 -103.639221191 5 71 147.777526855 -99.5961303711 6 93 323.290771484 -188.933105469 40 192 291.80090332 119.885818481
15.4993500215 3.84864929331 12.3165345409
90 96 100
7 0 95 14.6119384766 -195.797668457 1 90 -10.8286132812 -182.087646484 2 128 62.0388793945 -179.259460449 3 119 -51.8819580078 -270.295410156 7 115 -368.939208984 -158.729370117 8 128 -502.906707764 -182.372192383 40 254 73.6003417969 -67.4506530762
16.7617022355 1.51015172278 5.26555351758
154 104 88
2 0 109 520.145629883 -11.2412719727 1 100 489.938354492 -43.820892334
15.826354829 3.50141604008 20.2579905091
72 87 89
6 0 975 -309.881988525 -134.03326416 6 878 -287.147796631 -204.243530273 5 678 -477.228637695 -187.501525879 7 1509 -580.721618652 -42.482208252 1 1048 -307.361785889 -102.133453369 12 2149 -555.688537598 11.6766967773
22.4666326534 0.993426831536 23.685638932
82 94 87
4 0 85 -189.981201172 2.869140625 1 104 -174.336700439 24.0804138184 2 94 -131.865386963 19.3010253906 3 122 -161.015808105 -45.4732055664
17.1825390829 1.567328591 17.2443389071
65 68 80
7 0 119 -160.991607666 -28.838470459 1 106 -155.454559326 -10.1034545898 2 115 -101.918273926 -11.6192321777 3 87 -158.907623291 -85.7938232422 4 116 -171.32913208 -60.8760681152 5 109 -338.17376709 -90.3276977539 40 223 -66.9905395508 46.3836975098
21.2961899202 0.277260447293 29.4609439294
182 219 237
10 0 882 -354.971008301 19.7366943359 6 822 -317.858215332 -5.08935546875 3 743 -312.25213623 2.29238891602 4 753 -341.581939697 36.1055297852 5 1058 -501.88684082 -7.58062744141 7 789 -539.253417969 105.913101196 9 1971 -613.612915039 7.818359375 10 1884 -598.93347168 146.627365112 42 939 -72.565246582 -16.5852966309 64 1811 1.31396484375 -95.2413635254
15.7489795102 3.89061719627 17.3856507202
31 43 38
5 0 83 -216.459991455 -170.002319336 1 111 -221.050689697 -141.055358887 2 101 -160.730041504 -149.117736816 40 142 -96.9439086914 -77.4734191895 48 154 -87.3568115234 -1.14495849609
15.5929856051 3.79592368833 11.5903382606
85 90 91
4 0 112 60.5715942383 -194.975097656 1 113 31.6292114258 -186.684387207 2 109 108.803283691 -179.009887695 40 198 109.410400391 -59.7060852051
15.5929856051 3.79592368833 11.5903382606
85 90 91
4 0 111 60.5715942383 -194.975097656 1 114 31.6292114258 -186.684387207 2 110 108.803283691 -179.009887695 40 199 109.410400391 -59.7060852051
14.3244707502 2.0305369228 11.6700412781
114 115 135
3 6 1040 -5.1376953125 -240.146057129 41 1750 133.31072998 -260.922729492 42 1527 179.535339355 -260.706542969
15.5170718198 2.02389264734 7.53836133
69 92 116
8 5 462 139.519042969 -179.83807373 8 306 -247.351654053 -166.262512207 6 844 309.590576172 -274.099914551 9 428 -236.939575195 -120.5965271 13 1076 -345.524871826 -97.5408935547 16 1022 -315.038543701 105.400497437 40 1021 281.846679688 67.7898864746 48 769 298.792907715 143.079055786
23.04235183 -1.7747382321 30.8278213181
225 239 249
8 0 102 -336.890777588 88.2682495117 1 117 -305.925689697 118.540344238 2 108 -277.998138428 107.748886108 3 120 -280.626037598 66.1841430664 4 124 -315.404083252 105.126464844 5 122 -480.317779541 63.5563659668 6 107 -291.993835449 67.5276184082 40 147 -222.569458008 124.681533813
15.0066697114 4.72763516787 13.1251931585
106 121 137
9 0 98 -52.8623046875 -256.16796875 1 118 -79.4193725586 -237.628417969 2 105 -1.65454101562 -237.323059082 3 101 -116.6015625 -314.984375 4 112 -100.703125 -298.951904297 7 137 -432.382568359 -202.826904297 8 127 -564.468139648 -218.334411621 9 139 -510.580474854 -279.796325684 40 259 34.5930175781 -119.114837646
15.7378408923 -1.64939933802 6.88449461484
198 149 135
7 0 101 366.245788574 243.172790527 1 122 354.335144043 220.733444214 2 111 409.398803711 243.090545654 4 115 328.511779785 119.700714111 3 131 341.334106445 88.4350585938 40 251 272.493041992 307.19708252 64 323 458.505981445 257.353210449
22.385605988 1.02731334511 27.1561358798
236 250 253
5 0 121 -277.556304932 -0.682098388672 1 125 -255.902038574 25.3796386719 2 139 -220.724578857 17.1111450195 3 112 -241.922302246 -35.5989074707 40 205 -157.890838623 53.0432434082
46.9985040403 -4.48667868171 -9.98549288878
125 123 124
2 25 3949 326.04876709 231.244628906 60 2402 271.116577148 283.474182129
19.8543795442 -0.0714602900588 29.3121880481
152 123 132
7 0 157 -393.996429443 32.0451965332 1 131 -366.407928467 67.0490112305 2 134 -334.133178711 53.5600280762 3 128 -348.338439941 22.6335144043 5 136 -538.118041992 4.30999755859 7 124 -575.015686035 122.177429199 40 227 -267.875457764 65.7607727051
16.0216332891 1.6590409748 10.7103272301
166 121 114
13 0 167 127.750732422 -35.1061401367 1 133 109.158569336 -35.9872741699 2 164 177.775390625 -24.1235046387 3 168 79.2801513672 -144.146057129 4 179 78.4157104492 -116.291442871 5 140 -70.3616333008 -130.089569092 6 150 128.319824219 -203.800964355 7 132 -249.56729126 -18.6007385254 8 122 -382.012084961 -64.0366821289 10 151 -372.417633057 41.5461425781 11 203 -528.685058594 50.4476928711 13 393 -416.411071777 -84.3803405762 41 269 241.334350586 -224.360351562
20.8364057583 0.0910791253243 22.4572754616
183 141 133
6 0 144 -205.781616211 41.8747253418 1 137 -187.178466797 62.8745422363 5 186 -367.807434082 -1.64923095703 6 173 -171.713989258 -17.1955566406 40 221 -105.025695801 100.439697266 41 267 -38.7094726562 -33.1278381348
20.8564668612 0.097012944905 22.46818087
183 141 133
7 0 143 -205.781616211 41.8747253418 1 138 -187.178466797 62.8745422363 5 187 -367.807434082 -1.64923095703 4 224 -199.618011475 30.978729248 6 174 -171.713989258 -17.1955566406 40 222 -105.025695801 100.439697266 41 266 -38.7094726562 -33.1278381348
13.4535957851 4.72222848107 12.7381323714
181 201 215
6 0 127 -104.131408691 -281.219665527 1 143 -136.191619873 -257.346862793 2 149 -55.8564453125 -260.493225098 3 182 -184.209594727 -324.894226074 4 135 -157.122589111 -321.689147949 7 179 -502.80255127 -211.17578125
17.4216805059 1.25329722605 7.90787493222
117 71 67
4 0 168 353.697875977 4.68823242188 1 147 330.827514648 -11.2485656738 3 121 303.906494141 -144.771759033 4 158 301.311096191 -99.6844482422
46.5967949026 -2.83800929435 -4.48226897556
69 84 53
