# Camera parameter file. 

# The format of each camera is as follows:
# Filename (of the undistorted image in visualize folder)
# Original filename
# Focal Length (of the undistorted image)
# 2-vec Principal Point (image center)
# 3-vec Translation T (as in P = K[R T])
# 3-vec Camera Position C (as in P = K[R -RC])
# 3-vec Axis Angle format of R
# 4-vec Quaternion format of R
# 3x3 Matrix format of R
# [Normalized radial distortion] = [radial distortion] * [focal length]^2
# 3-vec Lat/Lng/Alt from EXIF

# The nubmer of cameras in this reconstruction
4

00000000.jpg
/home/evan/UAV_Photogrammetry_toolkit/output_dir/Stable_dehazed/1800_dehazed.jpg
4683.34521484
487 274
0 0 0
0 0 0
-0.0121217670056 -0.0657959445758 -0.189471571952
0.994957658542 -0.00605069305954 -0.0328426594082 -0.0945765023251
0.979953710087 0.188596705147 -0.0642095762138
-0.187801756079 0.982038586195 0.0182526600538
0.0664986458065 -0.00582807354249 0.997770672882
4.23840733326
0 0 0

00000001.jpg
/home/evan/UAV_Photogrammetry_toolkit/output_dir/Stable_dehazed/1860_dehazed.jpg
4417.64990234
487 274
-1.96976122702 0.00672981647777 -0.546659511806
1.97143875911 -0.0594921332895 0.53732676476
0.00743460067128 -0.00486047469114 0.0288173470107
0.999886666548 0.00371715990309 -0.00243014553581 0.014408129173
0.999574394553 -0.0288308305384 -0.00475257292062
0.0287951544616 0.999558333301 -0.00750352062638
0.0049669075555 0.00736343387171 0.99996065591
5.76238384434
0 0 0

00000002.jpg
/home/evan/UAV_Photogrammetry_toolkit/output_dir/Stable_dehazed/1920_dehazed.jpg
4423.52099609
487 274
-1.93847844972 0.0678689460591 -0.232551862727
1.93847583571 -0.0678693748537 0.232551617167
0 0 0
1.00000047517 0 0 0
1.00000135152 2.85607985769e-07 5.80718462206e-08
2.85607985769e-07 1.00000187497 1.03365388471e-08
5.80718462206e-08 1.03365388471e-08 1.00000057489
3.03036860392
0 0 0

00000003.jpg
/home/evan/UAV_Photogrammetry_toolkit/output_dir/Stable_dehazed/1980_dehazed.jpg
4501.34912109
487 274
-1.96433374463 -0.102071617035 -0.527240218905
1.97053800986 -0.0627308060116 0.509947469595
-0.00578763903208 -0.00884214989661 0.082191496356
0.999142041533 -0.00289299187638 -0.00441981050974 0.0410839946906
0.996585899302 -0.0820717949979 -0.00906971827818
0.0821231903201 0.996608649613 0.00541783821223
0.0085943557054 -0.00614420102577 0.999944727718
6.28361171826
0 0 0

