# Camera parameter file. 

# The format of each camera is as follows:
# Filename (of the undistorted image in visualize folder)
# Original filename
# Focal Length (of the undistorted image)
# 2-vec Principal Point (image center)
# 3-vec Translation T (as in P = K[R T])
# 3-vec Camera Position C (as in P = K[R -RC])
# 3-vec Axis Angle format of R
# 4-vec Quaternion format of R
# 3x3 Matrix format of R
# [Normalized radial distortion] = [radial distortion] * [focal length]^2
# 3-vec Lat/Lng/Alt from EXIF

# The nubmer of cameras in this reconstruction
8

00000000.jpg
/home/evan/UAV_Photogrammetry_toolkit/output_dir/Stable/7020.jpg
2112.37329102
487 274
-0.383514345322 0.420801661189 2.84213193568
0.295468489494 -0.062427668245 -2.88282211025
-0.108799895859 -0.0421093253464 -0.135442756835
0.996008617498 -0.054327551652 -0.0210266428082 -0.0676312537781
0.989968259389 0.137007372742 -0.0345366332292
-0.132437873559 0.984951001902 0.111065558716
0.0492342365067 -0.105377279736 0.993213403231
1.10841290014
0 0 0

00000001.jpg
/home/evan/UAV_Photogrammetry_toolkit/output_dir/Stable/7260.jpg
2315.60473633
487 274
-0.781247205656 0.939347847686 4.01028517877
0.870067309053 -0.775073417353 -4.02707545101
-0.0316972883085 0.0125755669162 -0.0446313283944
0.999605787996 -0.0158465615243 0.0062869571965 -0.0223127317526
0.998925006566 0.0444086451655 0.0132763408668
-0.0448070980581 0.99850255399 0.031399925637
-0.0118615743432 -0.031961332841 0.999419365028
1.28773549089
0 0 0

00000002.jpg
/home/evan/UAV_Photogrammetry_toolkit/output_dir/Stable/7080.jpg
2207.11694336
487 274
-0.328759293887 0.396724504455 3.35335929462
0.297052732309 0 -3.37968244118
-0.106947459157 -0.0161519973761 -0.11460920323
0.996897433994 -0.0534184162061 -0.00806764485291 -0.0572453255785
0.993315612664 0.114997363286 -0.00996903634773
-0.113273509423 0.987739643226 0.107429116582
0.0222014214612 -0.105581611594 0.994162719724
1.10937731134
0 0 0

00000003.jpg
/home/evan/UAV_Photogrammetry_toolkit/output_dir/Stable/7140.jpg
2243.20727539
487 274
-0.670992169161 0.410507304353 3.55059426927
0.71019961034 0.00869368209795 -3.56665182093
-0.104313403242 0.00712439028045 -0.0686976168882
0.99804418219 -0.0521226941835 0.00355987250238 -0.0343264121858
0.997617658491 0.0681475597397 0.0106845182262
-0.0688895441703 0.992209760378 0.103797048814
-0.00352712193519 -0.104285957946 0.994541339546
1.19164956934
0 0 0

00000004.jpg
/home/evan/UAV_Photogrammetry_toolkit/output_dir/Stable/7320.jpg
2231.08837891
487 274
-0.556603924726 1.45051060226 3.52202982275
0.64116335762 -1.51104487295 -3.48197187212
0.0267435682368 0.00074030369751 -0.0553361585928
0.999527876792 0.0133696796756 0.000370093594495 -0.0276637249119
0.998468772879 0.0553111741866 -2.77555756156e-17
-0.0552914827147 0.998112686849 -0.0267472949119
-0.00147967545888 0.0267061752465 0.999642446212
1.38402700886
0 0 0

00000005.jpg
/home/evan/UAV_Photogrammetry_toolkit/output_dir/Stable/6960.jpg
2186.07592773
487 274
-0.995611635329 0.873813244373 2.75794145207
0.929683790011 -0.616747099719 -2.84891911673
-0.057332636961 -0.0499978112592 -0.0997256510922
0.998034336667 -0.0286475332409 -0.0249825236714 -0.0498301500868
0.993785609513 0.100895824189 -0.0470116787712
-0.0980329789629 0.993393788339 0.0596720468859
0.0527219869914 -0.054692840455 0.997110750812
1.62783459621
0 0 0

00000006.jpg
/home/evan/UAV_Photogrammetry_toolkit/output_dir/Stable/7200.jpg
2319.91821289
487 274
-0.965251925449 0.473807378523 3.96839796683
1.15151967006 0 -3.94694713161
-0.132396076986 0.0498650195248 0.0482378700201
0.997208684312 -0.0661364338157 0.0249093072741 0.024096489644
0.997598844364 -0.051352957948 0.0464923295262
0.0447639569897 0.990090858647 0.13310387446
-0.0528667806095 -0.130703430142 0.990010937257
1.3551836041
0 0 0

00000007.jpg
/home/evan/UAV_Photogrammetry_toolkit/output_dir/Stable/6780.jpg
2089.50732422
487 274
-2.05620209919 0.197158469296 2.52011817017
2.19627488617 5.55111512313e-17 -2.40711631843
-0.115022452223 0.0583980951912 0.0406883248928
0.997713927541 -0.0574673944853 0.0291767938232 0.0203286573393
0.997471145482 -0.0439176341521 0.055883766931
0.0372111040704 0.992568673231 0.115858249357
-0.0605566073026 -0.113485830073 0.991692506126
1.17769145244
0 0 0

