# Camera parameter file. 

# The format of each camera is as follows:
# Filename (of the undistorted image in visualize folder)
# Original filename
# Focal Length (of the undistorted image)
# 2-vec Principal Point (image center)
# 3-vec Translation T (as in P = K[R T])
# 3-vec Camera Position C (as in P = K[R -RC])
# 3-vec Axis Angle format of R
# 4-vec Quaternion format of R
# 3x3 Matrix format of R
# [Normalized radial distortion] = [radial distortion] * [focal length]^2
# 3-vec Lat/Lng/Alt from EXIF

# The nubmer of cameras in this reconstruction
186

00000000.jpg
/home/evan/UAV_Photogrammetry_toolkit/output_dir/Final/5730.jpg
1174.04370117
487 274
1.56140073266 0.218827241193 -8.04118185831
2.00504113216 -0.108865118424 7.94441934237
0.0108945100264 -0.43680447323 -0.0948761970668
0.975115527966 0.00540199558526 -0.216587605161 -0.04704395117
0.901756790973 0.0894060494672 -0.422904034243
-0.0940870996636 0.995518365733 0.00984319747584
0.421887713585 0.0309134765846 0.906126014813
0.706935114532
0 0 0

00000001.jpg
/home/evan/UAV_Photogrammetry_toolkit/output_dir/Final/5790.jpg
1170.47424316
487 274
1.93212084283 -0.118245364731 -8.39281916224
1.81061944629 0.061170269865 8.42043527705
-0.0056157675356 -0.438807685943 -0.145565846701
0.973398981736 -0.00278294181009 -0.217454915656 -0.0721364049238
0.89502456765 0.141645399944 -0.42293944435
-0.139224612452 0.989581872666 0.0367908730417
0.423742129544 0.025955222145 0.90541587026
0.693522512405
0 0 0

00000002.jpg
/home/evan/UAV_Photogrammetry_toolkit/output_dir/Final/5820.jpg
1168.80700684
487 274
2.4934003021 -0.132718404959 -8.42538175325
1.56651375774 1.11022302463e-16 8.64679975817
-0.014199968917 -0.467069019242 -0.0195813057772
0.97278334682 -0.00703545421685 -0.231411964364 -0.00970166773655
0.892711304509 0.0221321463107 -0.450090779381
-0.0156183369313 0.999716435378 0.0181783722338
0.450364041373 -0.00919751856406 0.892802019516
0.688895990643
0 0 0

00000003.jpg
/home/evan/UAV_Photogrammetry_toolkit/output_dir/Final/5850.jpg
1171.97998047
487 274
2.73889668961 0.331086944961 -8.43168206911
1.30858783088 -0.0206513085894 8.77444837072
0.0346826821984 -0.462200199845 0.00906493526076
0.973257215303 0.0171864784767 -0.229036316774 0.00449199153227
0.895047802696 -0.0166150451075 -0.445667728555
0.000872407571957 0.999372226134 -0.0355110896424
0.44597726291 0.0313963670899 0.894498399726
0.685575760225
0 0 0

00000004.jpg
/home/evan/UAV_Photogrammetry_toolkit/output_dir/Final/5760.jpg
1171.52758789
487 274
1.51442995261 0.422798065322 -8.2196031231
2.08846019765 0.00213707157581 8.10382175733
0.0561734568395 -0.437202218118 0.143451940937
0.97326156424 0.0278359475956 -0.216649263138 0.0710855435125
0.896021181319 -0.150430526659 -0.417755121797
0.126308782436 0.988350835445 -0.0849847303105
0.425670481137 0.0233819012856 0.904580272943
0.683050619698
0 0 0

00000005.jpg
/home/evan/UAV_Photogrammetry_toolkit/output_dir/Final/5880.jpg
1174.54797363
487 274
3.68486286117 -0.169148844229 -8.14912190392
1.17813867397 -0.0161694672579 8.86713013291
-0.00915963957065 -0.557120966456 -0.0817473554192
0.960618846693 -0.00451954092045 -0.274894114132 -0.0403357048174
0.845615237161 0.0799799452136 -0.527771846371
-0.0750090077555 0.996708434704 0.0308596014111
0.528502021148 0.0134933766648 0.848830602622
0.668667133719
0 0 0

00000006.jpg
/home/evan/UAV_Photogrammetry_toolkit/output_dir/Final/5910.jpg
1167.28442383
487 274
5.05846671548 -0.658279230919 -7.41870490524
1.24851604886 0.0711851652832 8.91596382355
-0.0567482705226 -0.73866565325 -0.0505939083866
0.931863820587 -0.0277267244094 -0.36090578285 -0.0247197551875
0.738273531804 0.0660836909402 -0.671258583513
-0.0260580911116 0.997248673334 0.069518436425
0.674001583201 -0.0338316889369 0.737958515337
0.689482131137
0 0 0

00000007.jpg
/home/evan/UAV_Photogrammetry_toolkit/output_dir/Final/5940.jpg
1173.83325195
487 274
4.92956780586 -0.486044512321 -7.35327179219
1.22172574305 0.1574764128 8.78006716458
-0.0199075844747 -0.73110853282 -0.0825341294503
0.933046142513 -0.00973063625675 -0.357358835077 -0.0403418904724
0.741337868856 0.0822359290728 -0.666080278662
-0.068327452075 0.996559703192 0.0469913571894
0.667648851584 0.0106748266952 0.744402844188
0.719246459556
0 0 0

00000008.jpg
/home/evan/UAV_Photogrammetry_toolkit/output_dir/Final/6000.jpg
1171.07397461
487 274
4.74721530437 -0.0247975422505 -6.79795117256
1.11242583481 0.242367438376 8.21292853502
0.0366167819557 -0.744773144397 -0.0371173717657
0.931131128278 0.017886136236 -0.363798051443 -0.0181306584759
0.734648542032 0.0207498778481 -0.678136476293
-0.0467782040841 0.998707479214 -0.0201169835753
0.676838284129 0.0465003692806 0.734664690944
0.705425674042
0 0 0

00000009.jpg
/home/evan/UAV_Photogrammetry_toolkit/output_dir/Final/5970.jpg
1183.78491211
487 274
4.99470817502 -0.384153211404 -6.97607653176
1.17104060373 0.178438747063 8.50630238677
-0.0105087649985 -0.759724680032 -0.0597898182287
0.928266703861 -0.00512813311856 -0.370735218954 -0.0291766108629
0.723410962067 0.0579690400742 -0.687983502298
-0.0503656655078 0.998247800619 0.0311542373991
0.688581136516 0.0121131364914 0.725057531299
0.757010611645
0 0 0

00000010.jpg
/home/evan/UAV_Photogrammetry_toolkit/output_dir/Final/6030.jpg
1159.73303223
487 274
4.84367943501 -0.282773862378 -6.47832494055
1.10728424853 0.300657784887 8.0120648117
0.0140500329535 -0.780870337233 -0.0454081764015
0.924469677478 0.00684724223719 -0.380554862224 -0.0221295412187
0.709379245522 0.0357045069808 -0.70392575077
-0.0461278523521 0.998933709026 0.00418285564202
0.703319972201 0.0295031269325 0.710263783757
0.670926346129
0 0 0

00000011.jpg
/home/evan/UAV_Photogrammetry_toolkit/output_dir/Final/5700.jpg
1188.66845703
487 274
-0.323056305649 0.800215578236 -7.93228185928
1.97093671062 -0.165009021002 7.73004730515
0.0375391010306 -0.190285693939 -0.291819236398
0.984693866883 0.0186736893604 -0.0946569267989 -0.145164418441
0.939939987372 0.282349476977 -0.191837857121
-0.289420573136 0.957162587209 -0.00929431367534
0.180994523986 0.0642571558659 0.981385471324
0.734978502079
0 0 0

00000012.jpg
/home/evan/UAV_Photogrammetry_toolkit/output_dir/Final/5670.jpg
1181.00891113
487 274
-2.67762447778 -0.284109708031 -7.60655788576
2.63849695397 -0.080334614268 7.62507364612
0.00658287118066 0.00720994966618 0.155691128599
0.996960593608 0.00328810024402 0.00360132176464 0.077766680205
0.987878932156 -0.15503601722 0.00769227531071
0.15508524542 0.987888320202 -0.0059960879847
-0.00666922822629 0.00711633749979 0.99995444847
0.745522862433
0 0 0

00000013.jpg
/home/evan/UAV_Photogrammetry_toolkit/output_dir/Final/5640.jpg
1193.70324707
487 274
-3.12208655259 0.497651861325 -7.18182543334
3.26581264621 -0.0307975995836 7.13489736373
0.00473946285656 -0.0150535135946 -0.135319793946
0.997682055866 0.00236790017683 -0.00752094036421 -0.0676076116032
0.990748268001 0.134866142312 -0.01532721653
-0.134937461435 0.990850131359 -0.00370791426742
0.0146868124485 0.0057417317986 0.99987953903
0.692447069902
0 0 0

00000014.jpg
/home/evan/UAV_Photogrammetry_toolkit/output_dir/Final/5610.jpg
1214.39892578
487 274
-4.15807565897 -0.865158446454 -6.65558060627
4.31889905558 0.0302981104861 6.60912755408
0.00704431536481 -0.0101696592287 0.207284742701
0.994616192117 0.00351583453737 -0.00507570108632 0.103456307635
0.978544069493 -0.205833234211 -0.00936901883443
0.20576404079 0.978573560336 -0.00804411844108
0.0108244791128 0.00594350539761 0.999927848659
0.730785235165
0 0 0

00000015.jpg
/home/evan/UAV_Photogrammetry_toolkit/output_dir/Final/5550.jpg
1214.9407959
487 274
-5.59858389446 -0.877924542743 -6.28966618025
5.65491661094 0.0907867372294 6.29984001068
0.0268230461398 0.00411545254738 0.169554852446
0.996317973952 0.0133950585 0.00205520011929 0.0846733497623
0.985656105683 -0.168667305257 0.00636421940998
0.168779015874 0.985307165238 -0.0263434531865
-0.0018263118657 0.0270394969964 0.999634749957
0.719123401053
0 0 0

00000016.jpg
/home/evan/UAV_Photogrammetry_toolkit/output_dir/Final/5430.jpg
1222.09191895
487 274
-7.61108271046 -1.16582860595 -5.39006632237
7.0223027014 0.0784265554267 6.24667455566
-0.0179754043372 0.115243308252 0.133933829248
0.996060854896 -0.00897589777891 0.0575459742195 0.066878960713
0.984434815322 -0.134263755912 0.113438483957
0.132198303217 0.990894537505 0.0255783549071
-0.11583868515 -0.0101838067534 0.993219553801
0.70214000586
0 0 0

00000017.jpg
/home/evan/UAV_Photogrammetry_toolkit/output_dir/Final/5520.jpg
1225.81286621
487 274
-5.29085458374 0.449840121649 -6.20754570842
5.57050352331 0.117435815936 5.97365066683
0.0232116593634 -0.0437460112447 -0.0783506464341
0.998927232433 0.0116016792656 -0.0218651835125 -0.0391613135429
0.995979092561 0.0777312635044 -0.0445923120917
-0.0787459467188 0.996666089694 -0.0214659093102
0.0427745969193 0.0248910241313 0.998777280528
0.741769309226
0 0 0

00000018.jpg
/home/evan/UAV_Photogrammetry_toolkit/output_dir/Final/5490.jpg
1212.69580078
487 274
-5.90422532226 0.252281666311 -6.30365339221
5.90420804476 0.024243834161 6.30862594402
0.0362498133769 0.000146544830352 -0.00811289015912
0.999828640768 0.0181238713866 7.32682298266e-05 -0.00405621337381
0.999969608411 0.00811405299157 0
-0.00810802022523 0.999312884644 -0.0362420289219
-0.000293022698556 0.0362410338538 0.999346750546
0.779757950678
0 0 0

00000019.jpg
/home/evan/UAV_Photogrammetry_toolkit/output_dir/Final/5580.jpg
1216.55175781
487 274
-5.09081250906 -1.25271994012 -6.38122685505
5.25161149264 0.0124685659023 6.37382057686
0.00165624833113 -0.00121781673734 0.240719455273
0.992766485659 0.000826126451659 -0.000607439476969 0.120069379508
0.971169704627 -0.238401574957 -0.00100739379789
0.238401848762 0.971169869237 -0.0017859059707
0.00140478842131 0.00149469664579 1.00000160633
0.705268166584
0 0 0

00000020.jpg
/home/evan/UAV_Photogrammetry_toolkit/output_dir/Final/5460.jpg
1209.26330566
487 274
-7.25231242094 0.461097871018 -5.37098568118
6.38275347352 1.11022302463e-16 6.3965785039
-0.0147399015235 0.150567815703 -0.0801899777463
0.996338370113 -0.00736095322002 0.0751919981325 -0.0400460392467
0.985487752117 0.0786919811212 0.150422143248
-0.0809056407691 0.996685450237 0.00864569841426
-0.149244548212 -0.0206903021206 0.988587388684
0.676493019508
0 0 0

00000021.jpg
/home/evan/UAV_Photogrammetry_toolkit/output_dir/Final/5400.jpg
1222.91467285
487 274
-8.22368258723 -1.60878170698 -5.29592314219
7.65317161264 0.252181417509 6.29512429693
0.0119299441364 0.126763370734 0.178912616355
0.993979551126 0.00595299665359 0.0632544388432 0.0892767136436
0.976061301757 -0.176725099216 0.126810002281
0.178231811797 0.983990151031 -0.000540254089208
-0.124684472631 0.0231283736772 0.991929939438
0.736304728541
0 0 0

00000022.jpg
/home/evan/UAV_Photogrammetry_toolkit/output_dir/Final/5310.jpg
1205.46679688
487 274
-7.73557453 3.13351778621 -5.29776100217
7.94304860548 -0.0605093611488 5.88456126502
0.0627537729928 0.0612876606099 -0.343135555646
0.984362528825 0.0312131636368 0.0304839324921 -0.170672546641
0.939885645889 0.337909744592 0.0493603262517
-0.334104893857 0.93979709803 -0.0718557992564
-0.070668637254 0.0510444755042 0.996195608704
0.666919584202
0 0 0

00000023.jpg
/home/evan/UAV_Photogrammetry_toolkit/output_dir/Final/5280.jpg
1236.72766113
487 274
-9.32223109224 -1.61656264173 -4.59625110477
8.94764964368 -0.229407896744 5.52531601698
0.00264323946703 0.10147235907 0.202676155916
0.993585270002 0.00131879257857 0.0506276467726 0.101121299682
0.974424127826 -0.200811445724 0.100873444881
0.201079089664 0.97954897953 0.00761832766895
-0.100338091472 0.01285965919 0.994873647707
0.676832335915
0 0 0

00000024.jpg
/home/evan/UAV_Photogrammetry_toolkit/output_dir/Final/5250.jpg
1237.45947266
487 274
-10.4162732387 -2.213268432 -4.38294129943
9.97312411692 -0.228899045492 5.75247008975
-0.0149726441643 0.132085625903 0.230692931084
0.991153194727 -0.0074642323562 0.0658479418759 0.115006115263
0.964880206298 -0.228959901855 0.12881326956
0.226994812368 0.973440715206 0.0299420322446
-0.132248322266 0.000349241260436 0.991217700166
0.713322893613
0 0 0

00000025.jpg
/home/evan/UAV_Photogrammetry_toolkit/output_dir/Final/5220.jpg
1249.01635742
487 274
-11.0532848856 -2.00781410796 -4.06919765834
10.6306941968 -0.134622620289 5.45293303188
-0.00337154711405 0.126760236853 0.195231318725
0.993233714354 -0.00168196969736 0.0632371045115 0.097395394744
0.973031978384 -0.193684999182 0.125291305367
0.193260559549 0.981023501369 0.0156591237996
-0.125945591429 0.00897676775982 0.991997365569
0.718023000425
0 0 0

00000026.jpg
/home/evan/UAV_Photogrammetry_toolkit/output_dir/Final/5190.jpg
1235.22717285
487 274
-11.2750349283 -0.668570578691 -4.31812162074
10.6999903766 0.0374310958225 5.63271038775
0.013027759326 0.119878392524 0.0632519176663
0.997684429538 0.00650885110397 0.0598929246389 0.0316015443507
0.990831832305 -0.062276915505 0.119920057041
0.0638365594873 0.997922827534 -0.00920220194376
-0.119096896366 0.0167729156587 0.992742223935
0.734237018777
0 0 0

00000027.jpg
/home/evan/UAV_Photogrammetry_toolkit/output_dir/Final/5160.jpg
1224.06628418
487 274
-11.3450489923 0.781049680548 -3.82200147669
10.4586563071 0.105284984319 5.87639861358
0.0351294392174 0.186722727409 -0.0654017743399
0.9949584042 0.0175351916034 0.093204414154 -0.0326459137919
0.980498903523 0.068231303629 0.184324497097
-0.0616940015312 0.997257729967 -0.0409791102719
-0.186613563587 0.0288080347481 0.98201227086
0.767005744145
0 0 0

00000028.jpg
/home/evan/UAV_Photogrammetry_toolkit/output_dir/Final/5130.jpg
1242.56311035
487 274
-11.318883678 3.82869157985 1.3679694859
10.8474998495 -0.230495799181 5.18895225761
0.201474166347 0.534650920261 -0.278912897429
0.949895548529 0.099048936405 0.262845634058 -0.137119444844
0.824223813873 0.312567327689 0.472188086417
-0.208429273408 0.942776613931 -0.260254662561
-0.526515504551 0.116089912549 0.842205784654
0.603451966647
0 0 0

00000029.jpg
/home/evan/UAV_Photogrammetry_toolkit/output_dir/Final/5340.jpg
1216.52758789
487 274
-8.47195765325 -0.203377631249 -5.54433097317
8.08409743015 0.379195415008 6.08754783324
0.0682861537598 0.0679723387509 0.0267543371007
0.998751130824 0.0341288622841 0.0339720201041 0.0133715993087
0.997334667531 -0.0243905055562 0.0687724860332
0.0290290941659 0.997315472199 -0.0672641693977
-0.066945887948 0.0690807898021 0.995365145559
0.723989334587
0 0 0

00000030.jpg
/home/evan/UAV_Photogrammetry_toolkit/output_dir/Final/5370.jpg
1234.68835449
487 274
-8.86609071381 -2.14743572526 -4.38753120265
8.16199002898 0.472443848951 5.96888226814
-0.0572482017628 0.175997365146 0.160926671959
0.992491574535 -0.0285524243139 0.0877783282799 0.0802618506732
0.971708157033 -0.16433003062 0.169655739835
0.154306811579 0.985487373523 0.0707666194325
-0.178821265143 -0.0425855428239 0.982962571534
0.727123014853
0 0 0

00000031.jpg
/home/evan/UAV_Photogrammetry_toolkit/output_dir/Final/5100.jpg
1265.20141602
487 274
-11.7379805195 -2.22798787947 4.10817316981
11.3085855947 -0.231835832116 5.62878550909
-0.0961051791807 0.788960822243 0.195074241373
0.917443554666 -0.0467228145737 0.383563825777 0.0948379440677
0.687769107718 -0.209858529731 0.694933562899
0.13817531236 0.977649746276 0.158484414369
-0.71265907615 -0.0129777659768 0.701391850002
0.792012403916
0 0 0

00000032.jpg
/home/evan/UAV_Photogrammetry_toolkit/output_dir/Final/5070.jpg
1274.28234863
487 274
-12.5214208851 -2.64670209384 4.68411489123
12.252515091 -0.156994220414 5.96505626017
-0.0951798850963 0.799960788322 0.208208764704
0.914698849433 -0.0462289280305 0.388541441011 0.101127123542
0.677621294076 -0.220925126794 0.701447162092
0.149078327406 0.975275534595 0.163155252417
-0.720146474106 -0.00598693670313 0.693799111942
0.815123707944
0 0 0

00000033.jpg
/home/evan/UAV_Photogrammetry_toolkit/output_dir/Final/5010.jpg
1255.81726074
487 274
-13.3575559903 1.57663568056 4.0907538989
12.3586478416 0.177242686284 6.69899590144
0.0295804674947 0.792004046259 -0.126001731223
0.920572463996 0.0143965361081 0.385460941474 -0.0613238608742
0.695318896213 0.124004471187 0.707923366214
-0.10180775964 0.992068689277 -0.073782154575
-0.711455548454 -0.0207699357027 0.702427060382
0.753196099225
0 0 0

00000034.jpg
/home/evan/UAV_Photogrammetry_toolkit/output_dir/Final/4980.jpg
1241.71447754
487 274
-13.8828972098 2.05397810942 3.97455448019
12.6634861835 0.165192122626 7.23597993376
0.0614538077584 0.793536046113 -0.150398793525
0.919103030214 0.0298937758807 0.38601007132 -0.0731604434344
0.691287704061 0.157562209338 0.705192238168
-0.111405731672 0.987509279487 -0.111432304541
-0.713939866806 -0.00153046455528 0.700204537049
0.714666878055
0 0 0

00000035.jpg
/home/evan/UAV_Photogrammetry_toolkit/output_dir/Final/5040.jpg
1249.83691406
487 274
-13.1155570972 -0.986668478129 4.52957156201
12.31066638 0.0402150008405 6.47713760764
-0.0895428087723 0.813047448635 0.0633646414477
0.917039131845 -0.0435263265176 0.395218434722 0.0308012459196
0.685709823449 -0.0908963887258 0.722181295028
0.0220874025455 0.994315154076 0.104177414517
-0.727541786038 -0.0554839642117 0.683818099816
0.74289370469
0 0 0

00000036.jpg
/home/evan/UAV_Photogrammetry_toolkit/output_dir/Final/4950.jpg
1233.43945312
487 274
-14.3342502244 -3.87447180583 3.39464345817
12.9778850786 0.0784021019186 7.97327222648
-0.127207950399 0.767499866142 0.241112318514
0.918219365441 -0.0618604754987 0.373230655126 0.11725149745
0.693904386709 -0.261501894872 0.670909130464
0.16914848747 0.964855738149 0.201126389612
-0.699921330786 -0.0260795566212 0.713747087423
0.661015647554
0 0 0

00000037.jpg
/home/evan/UAV_Photogrammetry_toolkit/output_dir/Final/4920.jpg
1204.57714844
487 274
-15.3154085288 0.167031328948 1.87771566527
12.7846029563 0.019158468867 8.64104096781
-0.0358387030737 0.71644536819 -0.0213042643111
0.936309840107 -0.0175372824597 0.350584806684 -0.0104250117548
0.753965855885 0.00722564852176 0.65687872647
-0.0318185158353 0.999170770625 0.025530856917
-0.656145290692 -0.0401504636261 0.753567840212
0.581726874372
0 0 0

00000038.jpg
/home/evan/UAV_Photogrammetry_toolkit/output_dir/Final/4890.jpg
1218.81091309
487 274
-15.0734808305 -1.32779942317 -3.30407843441
12.8381506763 0.19032401764 8.66218499328
-0.0492481909282 0.376518590731 0.0593862080262
0.981592659901 -0.024472821205 0.187102753982 0.029510689097
0.928247991926 -0.0670929001993 0.365873349272
0.0487770030256 0.99706039764 0.0590876745853
-0.368761410554 -0.0370016920624 0.928788210323
0.791700662742
0 0 0

00000039.jpg
/home/evan/UAV_Photogrammetry_toolkit/output_dir/Final/4860.jpg
1203.85266113
487 274
-15.2056886705 2.70354194121 -3.29229832975
12.9955844381 0.16446865458 8.96929609346
0.014721955773 0.39476715665 -0.193702728166
0.975900760873 0.00730175101391 0.195795418134 -0.0960720921589
0.904869510695 0.190372587466 0.380751196076
-0.18465472388 0.981434335093 -0.0518726402765
-0.383556394055 -0.0233695027957 0.923225334502
0.791572642231
0 0 0

00000040.jpg
/home/evan/UAV_Photogrammetry_toolkit/output_dir/Final/4830.jpg
1204.41894531
487 274
-15.7638042424 -0.869674503009 -3.90055890557
13.5718774237 0.131269290719 8.95841453594
-0.0127260612753 0.340985420717 0.044265477482
0.985238164737 -0.00633168971263 0.1696529534 0.0220237245708
0.941468991937 -0.0455452520395 0.334019057346
0.0412492038676 0.998950449591 0.0199492718935
-0.334575200456 -0.00500361751506 0.94235752349
0.686469973556
0 0 0

00000041.jpg
/home/evan/UAV_Photogrammetry_toolkit/output_dir/Final/4800.jpg
1211.01977539
487 274
-16.0857998257 -2.68384899244 -3.71222487842
14.1460042182 0.0891590614887 8.92286479561
-0.0215612275023 0.338677385737 0.160620258662
0.982431854108 -0.0107174077012 0.168345870927 0.0798392761717
0.930573851025 -0.160481576005 0.32906545798
0.153265016475 0.987023664997 0.0479396840643
-0.332487926443 0.0058231931879 0.943091875838
0.679904720791
0 0 0

00000042.jpg
/home/evan/UAV_Photogrammetry_toolkit/output_dir/Final/4770.jpg
1205.96264648
487 274
-16.3444523935 -2.29392612457 -3.72524840104
14.350883075 0.00397307045047 8.96274728371
-0.0196953876148 0.336001032826 0.139409507188
0.983456804916 -0.00979332957281 0.167073068864 0.0693199482123
0.934566788132 -0.139617963862 0.327259969562
0.133074735281 0.990198504174 0.0424258341614
-0.329976616407 0.00390056771679 0.943983856238
0.67875354872
0 0 0

00000043.jpg
/home/evan/UAV_Photogrammetry_toolkit/output_dir/Final/4740.jpg
1220.55822754
487 274
-16.4475815794 0.64592845304 -2.87185517664
14.3291056753 0.00371493448368 8.59437593221
0.0102556749378 0.36742021566 -0.0379142696006
0.98298150773 0.00509871497654 0.182666764268 -0.018849471674
0.932557159063 0.0389201576157 0.358923898304
-0.0351945707285 0.999237291812 -0.0169103413781
-0.359308307106 0.00313742876239 0.933216127282
0.709118634673
0 0 0

00000044.jpg
/home/evan/UAV_Photogrammetry_toolkit/output_dir/Final/4710.jpg
1199.32165527
487 274
-16.4420602621 1.49132530973 2.44039741904
14.2489705805 -0.0499360984463 8.6881184986
0.0603270122106 0.692370452688 -0.0777880108255
0.939488097829 0.0295525985975 0.339173867879 -0.0381062773605
0.76702094299 0.091647134433 0.635048648568
-0.051554441698 0.995352506615 -0.0813782139409
-0.639550599301 0.0296790446283 0.768178094246
0.554444805838
0 0 0

00000045.jpg
/home/evan/UAV_Photogrammetry_toolkit/output_dir/Final/4680.jpg
1198.74597168
487 274
-14.9898792974 1.30663946986 6.99287184891
14.1493369623 -0.021649334351 8.66600417537
0.058706582585 0.983201436442 -0.0775315817608
0.880443641607 0.0281739011319 0.471848621454 -0.0372082145297
0.551949072554 0.092106899359 0.828774114513
-0.0389320442339 0.99564571003 -0.0847243753448
-0.83297035973 0.0144977530984 0.553129241602
0.677856759289
0 0 0

00000046.jpg
/home/evan/UAV_Photogrammetry_toolkit/output_dir/Final/4140.jpg
1198.85778809
487 274
-16.0166825721 1.88751500351 5.99225214829
14.6960363563 -0.169547025474 8.94434065586
0.183533557144 0.891634898726 -0.0863255806611
0.897289804236 0.0886029277395 0.430446964202 -0.0416746632301
0.625958318753 0.151065668445 0.765085919712
0.00148866679954 0.980825753913 -0.194882605986
-0.77985676926 0.123127408759 0.61373189848
0.64600599704
0 0 0

00000047.jpg
/home/evan/UAV_Photogrammetry_toolkit/output_dir/Final/4170.jpg
1194.15991211
487 274
-16.2543182167 -0.582737926094 4.91565006491
14.5878640053 0.182241402418 8.71014071561
0.0221266931278 0.83241754833 0.0271732180294
0.914479830543 0.0107461311154 0.404274966234 0.0131970449486
0.672775775766 -0.0154483284044 0.739686329895
0.0328253973085 0.999425063365 -0.00898391122228
-0.739118880563 0.0303245694233 0.672892602749
0.57883020334
0 0 0

00000048.jpg
/home/evan/UAV_Photogrammetry_toolkit/output_dir/Final/4350.jpg
1176.72937012
487 274
-16.7136056365 0.605593616187 6.94539066767
15.1597669787 -0.188129036093 9.90429785624
0.0532916782648 0.971224736649 -0.0191481971562
0.884004721719 0.0256073800521 0.46668676531 -0.00920097054281
0.564238640677 0.0401684417862 0.82463555643
0.00763363616919 0.998522197861 -0.0538621466009
-0.825577659961 0.0366860329066 0.563096553548
0.587204740243
0 0 0

00000049.jpg
/home/evan/UAV_Photogrammetry_toolkit/output_dir/Final/4380.jpg
1171.35375977
487 274
-16.8050084838 1.45218563241 6.76104300949
15.0624993624 -0.136536075359 10.1651005283
0.0513081895182 0.973740074218 -0.0704053789849
0.882891148043 0.024644609562 0.467711766276 -0.0338174683699
0.560207275317 0.0827670857464 0.824210978163
-0.0366614881457 0.996501530405 -0.075150617588
-0.82754333496 0.0118834129292 0.561278311449
0.55878005482
0 0 0

00000050.jpg
/home/evan/UAV_Photogrammetry_toolkit/output_dir/Final/4440.jpg
1180.65112305
487 274
-16.4608292729 -3.26515487779 6.95255194835
14.9349878064 -0.0988366742554 10.3389409368
-0.0578667349442 0.998823471979 0.189210410826
0.873176187042 -0.0276995542201 0.478115189064 0.090570930583
0.52640683306 -0.184655584506 0.829939831219
0.131681934787 0.982061063479 0.1349800183
-0.839975359798 0.0382336537536 0.54127871793
0.620842484517
0 0 0

00000051.jpg
/home/evan/UAV_Photogrammetry_toolkit/output_dir/Final/4410.jpg
1171.22058105
487 274
-16.9001014616 -1.41994827079 6.55548256708
14.94217972 -0.104800929132 10.3597125881
-0.0362934590459 0.974701121325 0.0836597773944
0.882578440529 -0.017430735728 0.468121752687 0.0401794568267
0.558496765975 -0.08724270865 0.824906986721
0.0546033807397 0.996163967759 0.0683854543086
-0.827709679133 0.0068494880842 0.56111808101
0.567548510474
0 0 0

00000052.jpg
/home/evan/UAV_Photogrammetry_toolkit/output_dir/Final/4470.jpg
1177.63122559
487 274
-16.2855551257 1.40515330587 7.04216942405
14.6464714474 -0.0309756590208 10.1126130953
-0.00363637307619 1.01233983153 -0.0814400934285
0.873812901025 -0.00174104583538 0.484694504866 -0.0389924060391
0.527103334943 0.0664562938333 0.847200385051
-0.0698319759227 0.996954177714 -0.0347565904507
-0.846928860578 -0.0408419836996 0.530138431333
0.628986692686
0 0 0

00000053.jpg
/home/evan/UAV_Photogrammetry_toolkit/output_dir/Final/4320.jpg
1186.06982422
487 274
-15.9818800368 1.42229603004 7.81215265416
15.1256359651 -0.127893097054 9.4694591766
0.107090431551 1.00839454192 -0.0702231582949
0.873599763786 0.0512695668424 0.482769101046 -0.0336193519434
0.531609780454 0.108242150917 0.840046648682
-0.00923728074892 0.992483627656 -0.122039121523
-0.846941241868 0.0571172044088 0.52861278104
0.636121892655
0 0 0

00000054.jpg
/home/evan/UAV_Photogrammetry_toolkit/output_dir/Final/4050.jpg
1158.52783203
487 274
-16.3801683549 1.52327500865 7.46599769749
14.5623206255 0.0499556301329 10.691454744
0.0702824285726 1.05756776844 -0.0845949890316
0.861979797294 0.0335090950702 0.504224734627 -0.0403330048136
0.48826244066 0.103324541441 0.866558641816
-0.035740399813 0.99450325683 -0.0984424392516
-0.871967496362 0.017094212653 0.489270986282
0.616742169301
0 0 0

00000055.jpg
/home/evan/UAV_Photogrammetry_toolkit/output_dir/Final/4080.jpg
1172.40112305
487 274
-16.1322682876 -1.97574300449 8.10029726379
14.9157167325 -0.0624690515779 10.3578440783
-0.0548459346691 1.06861007967 0.114384639683
0.858707140895 -0.0261188170772 0.508895169099 0.0544724326122
0.476118658469 -0.120135060782 0.871138091604
0.0669684066825 0.992703795411 0.100298332079
-0.876829571083 0.0105846731356 0.480689361414
0.616711952723
0 0 0

00000056.jpg
/home/evan/UAV_Photogrammetry_toolkit/output_dir/Final/4110.jpg
1184.57568359
487 274
-15.6002944447 -2.68723896791 8.07928006324
14.8104367246 -0.14446218662 9.82310654307
-0.0777375988508 1.05602495617 0.163605714542
0.859900686448 -0.0370360907763 0.503116081755 0.077945758357
0.481600457792 -0.1713176875 0.859487003755
0.0967847569673 0.985108708123 0.142126668468
-0.871032452503 0.0147372289409 0.491007596302
0.668968912211
0 0 0

00000057.jpg
/home/evan/UAV_Photogrammetry_toolkit/output_dir/Final/4500.jpg
1180.62585449
487 274
-15.8618548224 -2.82522823992 6.92708289099
14.5097675058 0.222714169428 9.84793010895
-0.0652712595308 1.0016125654 0.150131395909
0.873986396346 -0.0312529094989 0.479587908746 0.0718852824813
0.529656180342 -0.155630470393 0.833812568498
0.0956765655514 0.987713830023 0.123579842593
-0.842800663887 0.0143213715995 0.538038873628
0.638305075368
0 0 0

00000058.jpg
/home/evan/UAV_Photogrammetry_toolkit/output_dir/Final/4020.jpg
1170.51745605
487 274
-16.4418903257 2.31845632335 7.76495603661
14.7469307777 0.169474914339 10.8859635889
0.108423239365 1.069292126 -0.132784429555
0.856950713475 0.0516011115028 0.508900698281 -0.0631951618072
0.47405397201 0.160829904211 0.865682904814
-0.0557906517841 0.986689074911 -0.152759512404
-0.878728361106 0.0241189248696 0.476715054383
0.645363641542
0 0 0

00000059.jpg
/home/evan/UAV_Photogrammetry_toolkit/output_dir/Final/4620.jpg
1198.92468262
487 274
-14.7460637643 1.08952660124 7.81321589947
14.1217032472 0.204568544218 8.95624389554
0.0382685708204 1.05090773182 -0.0796733098506
0.864165132675 0.018259807343 0.501439492169 -0.0380160339689
0.494228690644 0.0840164935032 0.865265151038
-0.0473920306508 0.996444935474 -0.0696845357531
-0.868040950075 -0.00656658041243 0.496451880006
0.721632804982
0 0 0

00000060.jpg
/home/evan/UAV_Photogrammetry_toolkit/output_dir/Final/4650.jpg
1205.56225586
487 274
-14.4966902728 1.24442234434 8.0291284671
14.154667618 0.0474042299335 8.70699740213
0.0900396575388 1.05303647094 -0.0794413804528
0.862843267931 0.042942109233 0.50221878223 -0.0378875323416
0.49268352149 0.108514515388 0.863417592884
-0.0222494934899 0.993443209116 -0.112160544506
-0.869926788219 0.0360486949438 0.491867289453
0.739898017113
0 0 0

00000061.jpg
/home/evan/UAV_Photogrammetry_toolkit/output_dir/Final/4530.jpg
1179.15307617
487 274
-15.7113703204 0.844940363898 6.77483559642
14.280943007 0.419032446318 9.45185139218
0.0671859265424 0.990298654915 -0.0712158884635
0.878748944095 0.0322239316477 0.474970247625 -0.034156795034
0.546474988295 0.0906406922673 0.832557605942
-0.0294202980117 0.995592948688 -0.089080591583
-0.836960808367 0.0241863920569 0.54673089001
0.621534843659
0 0 0

00000062.jpg
/home/evan/UAV_Photogrammetry_toolkit/output_dir/Final/4590.jpg
1177.20947266
487 274
-15.158118345 0.247798141656 7.19108525029
13.879388257 0.417962665638 9.41952937259
-0.0652398049285 1.0383715447 -0.0466403378845
0.867456581254 -0.0311655643625 0.496038196987 -0.0222804536865
0.506903507337 0.00773590880215 0.861972410258
-0.0695733959327 0.997067157111 0.0319656295059
-0.859193983859 -0.0761734661531 0.505953016992
0.668216408625
0 0 0

00000063.jpg
/home/evan/UAV_Photogrammetry_toolkit/output_dir/Final/3990.jpg
1180.38452148
487 274
-16.4963423382 -1.07118292421 8.4802153904
14.786159505 0.323130181824 11.2451998791
-0.0645955870724 1.12237570953 0.0369639259839
0.845967801086 -0.03062180902 0.532066913293 0.0175229041706
0.433197601279 -0.0622333682909 0.899150134883
-0.0029381174517 0.997512735235 0.0704567223803
-0.901295771791 -0.0331635353875 0.431935745381
0.720080167737
0 0 0

00000064.jpg
/home/evan/UAV_Photogrammetry_toolkit/output_dir/Final/3930.jpg
1179.88049316
487 274
-16.0700294729 2.08506756131 8.94445835386
14.629941024 0.450313862553 11.3294997342
0.121840857021 1.15913564711 -0.136301900695
0.832755005276 0.0574847596543 0.546882513056 -0.0643075089378
0.393569648975 0.169979006141 0.90344543509
-0.0442305936375 0.985122931149 -0.166078921514
-0.918231165091 0.0254039638029 0.395231015125
0.713116841902
0 0 0

00000065.jpg
/home/evan/UAV_Photogrammetry_toolkit/output_dir/Final/3960.jpg
1183.0267334
487 274
-16.2885819453 -0.520731876819 8.94009776782
14.7493368675 0.465600820652 11.3028386223
-0.0310309224831 1.15497340096 0.000785926825672
0.837723824457 -0.0146667492 0.545897570846 0.000371467901026
0.403991650053 -0.0166355771128 0.914612593424
-0.01539082707 0.999572154774 0.0249791016057
-0.914633009819 -0.024167639323 0.403561019425
0.705326381694
0 0 0

00000066.jpg
/home/evan/UAV_Photogrammetry_toolkit/output_dir/Final/3840.jpg
1169.59692383
487 274
-16.22790422 -0.527940223668 10.6351571361
14.8477305481 0.0355239472011 12.5009304734
-0.037743912924 1.27924126399 0.0249749525983
0.802083685922 -0.0176096818525 0.596838799328 0.0116522356975
0.287295846054 -0.0397122602549 0.957018653285
-0.00232798762494 0.999110267042 0.0421579191557
-0.957840002978 -0.0143398349568 0.28694684379
0.637900738581
0 0 0

00000067.jpg
/home/evan/UAV_Photogrammetry_toolkit/output_dir/Final/3780.jpg
1171.25817871
487 274
-16.3506536879 1.06005423519 10.6789973827
14.9862318711 0.0487662103842 12.5665661937
0.0368857000926 1.27509644476 -0.0586576312841
0.802997448758 0.0172150534714 0.595104699724 -0.0273763072552
0.290202596972 0.064455869789 0.954792807089
-0.0234765497403 0.99790861947 -0.0602307286864
-0.956677415401 -0.00493615261552 0.291108394405
0.630144764749
0 0 0

00000068.jpg
/home/evan/UAV_Photogrammetry_toolkit/output_dir/Final/3810.jpg
1171.890625
487 274
-16.1511277669 -2.6527350653 10.7447836899
14.9689414404 2.22044604925e-16 12.6204212787
-0.105127768794 1.27832553568 0.139814029835
0.799029091622 -0.0489930285745 0.595742116624 0.0651579771684
0.281694289244 -0.162501059335 0.945646914909
0.0457514179005 0.986711964728 0.155928611769
-0.95841421424 -0.000658808702036 0.285383703063
0.627165096365
0 0 0

00000069.jpg
/home/evan/UAV_Photogrammetry_toolkit/output_dir/Final/3900.jpg
1177.58410645
487 274
-15.6962424099 2.76440284127 9.77079621226
14.6759053062 0.256888465387 11.5773191563
0.0648679586746 1.21808695065 -0.169289486561
0.81633951448 0.0304229268597 0.571280042807 -0.0793963888025
0.334670451146 0.164388964843 0.927885012598
-0.0948686731028 0.985542710597 -0.140386017767
-0.937548878509 -0.0410442684008 0.345427649859
0.666418521596
0 0 0

00000070.jpg
/home/evan/UAV_Photogrammetry_toolkit/output_dir/Final/3870.jpg
1171.54626465
487 274
-15.8730582705 -3.78540779277 10.0408625273
14.78210751 0.112751651751 12.1892259531
-0.162871552937 1.23283695198 0.1956843336
0.808366556408 -0.0761641561269 0.576515569452 0.0915085038924
0.318513863999 -0.235763451046 0.918133345871
0.0601262056482 0.971653289215 0.228649485548
-0.946010276505 -0.0176247408917 0.323658804864
0.630731129679
0 0 0

00000071.jpg
/home/evan/UAV_Photogrammetry_toolkit/output_dir/Final/3750.jpg
1171.45629883
487 274
-16.2659570967 0.783476610558 10.8443852371
15.045623252 0.323316073446 12.5027978206
0.0258473312356 1.28071429702 -0.0593619809846
0.801393866017 0.0120561936649 0.597374616882 -0.0276887208416
0.284754592242 0.0587828935879 0.956797150516
-0.0299753905735 0.998177143399 -0.0524046618337
-0.958132264218 -0.0137576232314 0.285996778318
0.615033997974
0 0 0

00000072.jpg
/home/evan/UAV_Photogrammetry_toolkit/output_dir/Final/3720.jpg
1182.27636719
487 274
-16.5975369153 -0.0675333423023 10.5550564222
15.1032529621 0.558248169149 12.5885270968
0.0169320174025 1.26139965197 -0.0256522381893
0.807505394046 0.00791547751502 0.589686411561 -0.0119920568099
0.30425364839 0.0287022796013 0.952160170271
-0.0100323226376 0.999590129685 -0.0269265266932
-0.952539662255 -0.0013593635339 0.304416067578
0.717792663308
0 0 0

00000073.jpg
/home/evan/UAV_Photogrammetry_toolkit/output_dir/Final/3630.jpg
1169.57873535
487 274
-16.8117819551 -0.607975968147 10.7667252184
15.1522896268 0.706995795523 12.9936779589
0.00567495331917 1.27862893129 -0.00493219167137
0.802498846839 0.00264809227112 0.596644095581 -0.00230149886881
0.288022105807 0.00685372756849 0.957599693617
-0.000534073184401 0.999976618486 -0.00699654597103
-0.957625101091 0.00150381800457 0.288018872416
0.661880070381
0 0 0

00000074.jpg
/home/evan/UAV_Photogrammetry_toolkit/output_dir/Final/3660.jpg
1173.21508789
487 274
-16.5729956479 -0.259475443632 10.9738465293
15.1350009651 0.78264317688 12.8636994698
-0.00185936393806 1.28915856923 -0.0284056992089
0.799258969005 -0.000866598586552 0.600841487282 -0.0132391181095
0.277629829158 0.020121316429 0.960479536514
-0.0222046191339 0.999651279373 -0.0145236506688
-0.960432254128 -0.0172941974401 0.27797848961
0.667659884641
0 0 0

00000075.jpg
/home/evan/UAV_Photogrammetry_toolkit/output_dir/Final/3690.jpg
1181.77282715
487 274
-16.4167862877 -0.0966225055512 11.0453248864
15.1351994324 0.748785022123 12.7233405064
0.0140192029806 1.29138483761 -0.0346769948585
0.798520838641 0.00653219186126 0.601715628032 -0.0161576078113
0.27535624327 0.0336652237693 0.960754497561
-0.0179435223903 0.999393188412 -0.0298765371451
-0.961175374117 -0.0090121718522 0.275792687295
0.709857698683
0 0 0

00000076.jpg
/home/evan/UAV_Photogrammetry_toolkit/output_dir/Final/3600.jpg
1175.41577148
487 274
-17.9967840198 -0.04715434169 8.83300762603
15.1688276689 0.635462395026 13.092390143
0.00727484726477 1.16829058971 -0.0304096565045
0.834068926562 0.00343391820855 0.551463719151 -0.0143541533431
0.391364401611 0.027731953311 0.9198184679
-0.0201574597715 0.999566357746 -0.0215596581977
-0.92001654118 -0.0101031603013 0.39175313767
0.700044527976
0 0 0

00000077.jpg
/home/evan/UAV_Photogrammetry_toolkit/output_dir/Final/4560.jpg
1201.93151855
487 274
-15.3460049147 -0.621461206167 7.43247142796
14.2794362082 0.643521824939 9.31719231711
0.00784545846562 1.02942669239 -0.000856038362532
0.870427019862 0.00375179209007 0.492284158885 -0.000409367785377
0.515314522514 0.00440620957445 0.85699299741
0.00298091044864 0.999972657183 -0.00693435763346
-0.856996735964 0.00612828719893 0.515285607926
0.760575946575
0 0 0

00000078.jpg
/home/evan/UAV_Photogrammetry_toolkit/output_dir/Final/3570.jpg
1177.55529785
487 274
-18.5942734363 -0.415682367133 7.72276778122
15.2149271598 0.585043372507 13.1804403117
-0.019244144574 1.10698509151 -0.0120798985876
0.850633059891 -0.00913805075548 0.525650070487 -0.0057361201996
0.447319010975 0.000151503132496 0.894375176584
-0.0193658307767 0.99976955562 0.00951588234334
-0.894166134976 -0.021576629959 0.447217843724
0.7160497871
0 0 0

00000079.jpg
/home/evan/UAV_Photogrammetry_toolkit/output_dir/Final/1260.jpg
1186.62841797
487 274
-4.7081878531 -1.43880945536 -5.09294879299
3.49706362674 2.4970827002 5.63119715339
0.0109373424983 0.135600204123 -0.241997566049
0.990382030877 0.0054511274778 0.067582595937 -0.120610612866
0.96177103654 0.23963787459 0.132550456445
-0.238164460273 0.970848583449 -0.0270996506635
-0.135179898019 -0.0055048558554 0.990806648348
0.653558287253
0 0 0

00000080.jpg
/home/evan/UAV_Photogrammetry_toolkit/output_dir/Final/1290.jpg
1165.44750977
487 274
-4.58493134342 -1.28131108363 -5.54688215636
3.80582291945 2.44378601321 5.7423600973
-0.0153630506774 0.0394284430699 -0.295693264993
0.988868099399 -0.00765300080383 0.0196410148508 -0.147297619607
0.955835856528 0.291015470596 0.041099790459
-0.291616197992 0.956492059592 0.00934960116379
-0.036589701644 -0.0209216322746 0.999112555918
0.397504956646
0 0 0

00000081.jpg
/home/evan/UAV_Photogrammetry_toolkit/output_dir/Final/1320.jpg
1142.64538574
487 274
-5.10017876582 -2.06697844884 -5.51064968599
4.59766815092 2.34073486277 5.83384209186
-0.00204227140422 0.0656824630853 -0.0588106106144
0.999028502724 -0.00102080500384 0.032830595798 -0.029395782299
0.996117498585 0.0586677135898 0.0656575031435
-0.0588011839165 0.998270962578 0.000109556406316
-0.065537300711 -0.00396969677191 0.997843335856
0.400974465402
0 0 0

00000082.jpg
/home/evan/UAV_Photogrammetry_toolkit/output_dir/Final/3540.jpg
1177.70373535
487 274
-19.2128664307 -0.813148250921 6.24944610164
15.2821610223 0.662546893069 13.2237524713
0.0109366874512 1.02821902211 0.0101597736755
0.870704836162 0.00523057033432 0.491755107592 0.00485900424857
0.516306922639 -0.00331753349197 0.856396771497
0.0136055005007 0.999900376961 -0.0043296399247
-0.856297430053 0.0138874916192 0.516300347261
0.671464227543
0 0 0

00000083.jpg
/home/evan/UAV_Photogrammetry_toolkit/output_dir/Final/3510.jpg
1158.4029541
487 274
-20.110369867 -0.80450528592 -2.45221486542
15.2389168333 0.647011501137 13.3582512411
-0.010759052025 0.598092346614 0.0038307961255
0.955602387544 -0.0052996751425 0.294607288347 0.00188696689588
0.826407361281 -0.00672869032397 0.563035551754
0.000484069959727 0.999938977641 0.0112407352117
-0.563074160774 -0.00901679366583 0.826357353399
0.521843865813
0 0 0

00000084.jpg
/home/evan/UAV_Photogrammetry_toolkit/output_dir/Final/6060.jpg
1120.84985352
487 274
4.74711180838 -0.0493402055197 -6.50390200997
1.14347173854 0.55652440729 7.95115632613
0.0695970570899 -0.774070070133 -0.0120036246974
0.925424852557 0.0339291145822 -0.37736526805 -0.00585186177101
0.715124012247 -0.0147760396391 -0.698843344455
-0.0364378729056 0.997631099293 -0.058381467272
0.698049445724 0.0672139161666 0.712889519377
0.580843358796
0 0 0

00000085.jpg
/home/evan/UAV_Photogrammetry_toolkit/output_dir/Final/780.jpg
1151.01293945
487 274
-0.0028616124974 -2.32393299646 -8.01446688302
1.62852466232 2.54870004707 7.77716178237
0.0173847264315 -0.23734560285 -0.105719788334
0.991535985381 0.0086678252532 -0.118337796009 -0.0527106742056
