# Bundle file v0.3
21 2105
1218.51025391 0 0
0.984852653348 -0.0570053051484 -0.163762469435
-0.0469074620314 -0.996791341817 0.0648837909744
-0.166935831817 -0.0562196415759 -0.984364938743
0.934758224685 -0.384195992932 5.86412998806
1239.69396973 0 0
0.973310395178 0.0366608507009 -0.226554006713
0.0569536361494 -0.994864763553 0.0836922118092
-0.222322085507 -0.0943617546213 -0.970397422184
2.10915711327 -0.649043699951 5.5018904317
1219.81567383 0 0
0.978364837034 0.0977825832361 -0.182321340188
0.116005762282 -0.988969703265 0.0921005256536
-0.17130464933 -0.111258579509 -0.97891734253
1.70001713207 -0.691322199521 5.91756928462
1189.0982666 0 0
0.937214007418 0.294204903867 -0.18728148615
0.30865549998 -0.949716082978 0.0526763153092
-0.16236629454 -0.107174637546 -0.980893860088
1.36629810515 -1.03275474545 7.87975260747
1230.27514648 0 0
0.974774793978 0.0764350589544 -0.20969401292
0.0732044115059 -0.997049721459 -0.0231380717352
-0.21084404233 0.0072034044315 -0.977494048122
2.28033204001 -0.0495595967396 7.19048406411
1154.3861084 0 0
0.814152159504 0.197259342641 -0.546119121606
0.181488031367 -0.979854021294 -0.0833653633415
-0.551560701234 -0.031241819485 -0.833550638745
5.79134223999 0.755478633533 5.12858148304
1054.63232422 0 0
0.966683981527 0.251874674297 -0.0456257813474
0.25519669677 -0.962194481854 0.0951704612527
-0.0199296984762 -0.103643275431 -0.99441592314
-2.96496898999 -1.70140256036 8.58984613608
1082.08947754 0 0
0.994300489409 0.0443484392286 -0.0969623491131
0.0529137229563 -0.994747614547 0.0876245940566
-0.0925669570015 -0.0922557841539 -0.991424312965
-3.28924399704 -0.773967952325 8.34678698127
963.022033691 0 0
0.841715043206 -0.00647075674411 -0.539885584463
0.0740610516834 -0.989092687239 0.127319798356
-0.534819855173 -0.147151330179 -0.832054648746
7.71787342981 -1.04345640709 6.67434569996
1258.42504883 0 0
0.995212017899 -0.0595198399183 -0.0775361152061
-0.0526689339743 -0.994764080343 0.0875912395762
-0.0823433843382 -0.0830880307688 -0.993134447332
-3.80853819688 -0.383817884457 7.43216251434
1261.0447998 0 0
0.999449665648 0.0331683180983 0
0.0331294810434 -0.998274719794 0.0484980086758
0.00160824018063 -0.0484714749499 -0.998824281019
-6.44988706777 -0.517806244773 7.30512974606
1162.74523926 0 0
0.991458325518 0.10077932581 -0.0827952531256
0.109777799286 -0.987571397481 0.112489248794
-0.0704294157159 -0.120617363839 -0.99019760078
-6.51872024027 -1.51171438129 6.6998990351
1504.48510742 0 0
0.989880548685 0.0891584059455 -0.110391184617
0.0993762185084 -0.990899509919 0.0907960580783
-0.101291391475 -0.100847455813 -0.989732250632
-7.44942450513 -1.11982676039 4.47122050867
1488.91699219 0 0
0.997335363261 -0.0627197141321 -0.0372483829611
-0.0579187895689 -0.991281106569 0.118353015604
-0.0443465161604 -0.115880271206 -0.992272578239
-7.76943961935 0.0274046250743 4.00809674037
1303.15869141 0 0
0.976366774652 0.201739788575 -0.0775280293986
0.205905449261 -0.977293494979 0.050042248425
-0.0656718977157 -0.0648228472606 -0.995734646722
-8.67738715948 -1.7592443984 5.7366732091
1851.63330078 0 0
0.998477508635 0.0127689407625 -0.0536521140259
0.0208638296189 -0.987984270403 0.153137784993
-0.0510520967186 -0.154023918585 -0.986746274157
-6.63818903012 -1.12884656295 2.43801917857
767.734130859 0 0
0.99871647914 -0.0227755692193 -0.0452535848785
-0.022378085005 -0.999706858283 0.00927118260362
-0.0454513727055 -0.00824662638307 -0.998932666064
-4.20032770319 0.823846784942 10.2796239035
1207.49194336 0 0
0.810587214657 0.20457800829 0.548722037023
0.129830286877 -0.976458392917 0.172260535609
0.571044831626 -0.0683916341237 -0.818065306785
-12.7919031617 -2.56771649909 -1.67733506214
755.138427734 0 0
0.950452790259 -0.248188033962 0.187193605947
-0.272043176838 -0.955449549279 0.114497462398
0.150436969444 -0.159749142102 -0.975627399603
-10.7531738037 2.20188202853 7.40442207016
1285.99584961 0 0
0.599988850727 0.261603979255 0.756027076733
0.0777647187105 -0.959619942195 0.270337495302
0.796219763235 -0.103407391196 -0.596104951076
-12.4515380982 -2.78409002081 -6.75447651444
1269.72070312 0 0
0.58454834285 0.277091856411 0.762576683959
0.0944735461654 -0.956727833082 0.275221003128
0.805840073983 -0.0888367431438 -0.585431465517
-13.7990223959 -3.38732291179 -6.49916565053
2.32594483906 1.14936576524 14.5918478445
138 86 93
3 0 2 103.820007324 -92.9894104004 1 1 145.168457031 -58.1285400391 2 1 193.646972656 -28.9511108398
2.19376290078 1.18424362336 14.443583441
127 81 85
2 0 3 90.8977661133 -101.078369141 1 2 136.750427246 -65.7049560547
0.923728785099 2.20769698875 15.0856881558
155 173 203
6 0 6 -95.0842285156 -212.53515625 1 4 -41.3130493164 -194.659362793 2 4 7.06134033203 -178.835693359 19 13 6.95550537109 -63.4018249512 17 13 -279.88583374 -168.627685547 20 13 -97.5002441406 -107.707183838
5.02789533212 2.33875182002 15.1113018378
144 160 189
5 0 8 369.70916748 -219.970397949 1 7 398.178100586 -153.488464355 2 7 452.877441406 -111.882537842 6 1 265.336425781 -184.086791992 8 11 390.794677734 -112.962738037
2.1844317375 2.16920674186 14.8780266922
155 172 200
3 0 10 67.9675292969 -215.58581543 1 6 120.33416748 -181.578918457 2 9 169.93951416 -155.971130371
3.37279303612 0.080939014479 15.0385175017
148 100 108
2 1 2885 242.482299805 88.0633544922 7 1592 -212.631561279 98.0682983398
0.772433077348 1.50602486544 15.1503765798
150 96 101
3 0 14 -112.966430664 -121.588897705 1 12 -66.4028320312 -108.144714355 2 11 -21.4940185547 -91.9629211426
-0.110773221529 2.16269918089 15.6788661675
153 168 195
3 0 15 -225.834503174 -184.136535645 1 14 -178.107940674 -181.576477051 2 12 -131.400756836 -172.805175781
0.812276538708 1.57069513255 15.3304841979
134 82 89
4 0 17 -111.308654785 -125.323852539 1 15 -65.2945556641 -112.198760986 2 13 -19.1636962891 -95.9109191895 3 10 -42.5828857422 -227.472900391
0.949428026396 0.947677236312 15.2445342685
160 110 113
2 3 1216 -51.5177612305 -133.833068848 6 4526 -367.396331787 -135.562988281
5.00454407626 -0.0972520769009 14.9073820454
136 85 92
4 0 30 402.364501953 51.6082458496 1 28 408.611694336 113.812286377 2 24 448.111694336 156.677200317 3 15 454.420288086 194.069580078
5.73039120993 1.20107615209 14.9664157013
145 94 100
2 6 1771 335.817077637 4.61267089844 7 1381 151.31060791 -53.1012878418
2.63905022587 1.02583489435 15.1346301498
146 94 98
5 0 33 126.716430664 -70.0201416016 1 27 160.156005859 -32.0777282715 2 27 205.560791016 -1.32922363281 3 18 202.114013672 -62.9743652344 4 21 251.236816406 -173.051940918
2.13634168239 1.44353124713 14.7803683575
70 57 71
3 0 39 71.349609375 -126.889251709 1 25 117.418884277 -95.2160339355 2 34 161.82824707 -67.3648681641
4.24067131943 -0.182027206471 14.9427663704
129 77 87
4 0 40 325.048583984 68.5892333984 1 42 334.688781738 120.409744263 2 43 373.132568359 164.232894897 3 33 366.914428711 181.585968018
5.77554042063 1.14514648053 14.8456103339
115 71 75
2 0 46 465.474487305 -92.6929321289 1 53 478.064086914 -24.8352050781
5.53303793079 2.71182870515 14.6147420627
80 105 90
3 0 49 434.504760742 -269.182617188 1 47 465.778198242 -197.669067383 2 41 522.022583008 -154.703186035
6.13220890447 2.5418671813 14.9649737754
156 172 203
7 0 54 469.223022461 -239.617858887 1 61 494.87487793 -162.924194336 2 62 549.956420898 -117.813598633 4 47 598.429931641 -281.217285156 8 80 466.087524414 -118.500396729 19 33 353.768920898 -77.3817443848 17 30 101.697570801 -182.899169922
6.63590863125 0.914663374039 14.9285803661
119 75 80
3 0 59 534.047363281 -68.4881591797 1 73 539.200439453 8.50524902344 2 68 585.654418945 56.4004821777
6.89035414658 0.208872734404 14.7375565562
65 59 87
3 11 3314 -120.527526855 94.7081604004 12 2239 -294.391540527 92.7429199219 15 1758 -80.1805419922 154.435577393
-1.6439674682 2.51715382008 20.6144943015
142 158 190
4 0 78 -337.292877197 -118.546325684 1 85 -331.547668457 -123.004821777 2 80 -279.975799561 -120.609924316 4 54 -306.980682373 -281.403930664
1.06966193174 2.6408006968 15.1559460518
185 203 230
4 0 86 -80.9324951172 -261.558227539 1 89 -23.0914916992 -241.975158691 2 76 30.7428588867 -224.983459473 8 68 57.5799560547 -227.926818848
2.82376592601 0.477167971737 15.0498534987
152 105 116
6 0 88 156.213745117 -3.08831787109 1 104 183.61517334 37.0410461426 2 119 224.654785156 70.5380249023 3 67 209.49786377 27.1416931152 5 118 -4.20135498047 -58.934967041 4 71 276.093200684 -94.7114257812
6.95327949377 1.87977641219 14.8499347126
123 138 167
3 0 89 551.37878418 -169.890319824 1 110 563.421386719 -88.9412231445 5 84 363.41986084 -104.573364258
2.22318662384 0.876370577552 15.1974298281
38 28 43
6 0 90 74.3490600586 -49.3382568359 1 125 108.761047363 -15.6893005371 2 117 152.446411133 13.4920959473 3 74 134.629943848 -58.5833129883 4 69 193.450012207 -162.995117188 5 130 -68.0081176758 -125.454559326
-1.69072975731 2.65877929424 18.1755538942
144 153 154
3 0 92 -366.827209473 -168.272033691 1 102 -342.481750488 -179.681213379 2 85 -292.737701416 -180.340881348
1.87094604328 2.5325799747 14.9085328768
170 186 214
3 0 95 24.7719726562 -257.653869629 1 108 80.8209228516 -227.854492188 2 108 135.320861816 -205.873718262
4.5590427441 0.371881620709 15.0797081767
48 37 61
2 17 96 -78.4279174805 26.9688720703 19 111 184.304260254 133.770309448
5.04612463323 1.78493175785 15.0276088675
53 44 62
7 0 100 382.598266602 -162.917053223 1 119 407.592895508 -96.8192443848 2 113 458.307861328 -53.764465332 3 89 509.330810547 -50.9959411621 4 70 509.403686523 -221.466308594 5 97 223.65814209 -146.186706543 6 45 255.905029297 -107.186340332
3.61320069656 0.648713798736 14.9426233275
135 82 96
5 0 101 250.369445801 -30.3301086426 1 131 274.019165039 17.5686950684 2 123 319.039550781 56.5248718262 7 87 -173.955810547 14.3631896973 6 64 1.65454101562 4.87576293945
3.04908741189 1.53821958083 15.1985497235
53 48 72
4 0 105 166.254699707 -132.805938721 1 99 204.323425293 -89.1270751953 2 101 253.209533691 -55.5707397461 3 78 270.906494141 -110.942138672
3.77263454276 1.42824326487 14.8862742554
51 55 64
2 6 60 58.9977416992 -112.695709229 7 77 -142.010559082 -107.172973633
7.17376330429 2.50567570317 14.7524555053
148 164 191
2 0 108 564.441650391 -234.370605469 1 109 580.337036133 -149.087158203
1.75229203569 1.82231247219 15.1791485865
44 44 75
10 0 111 9.17102050781 -163.935058594 1 136 55.7028808594 -136.218170166 2 127 104.679077148 -113.195800781 3 118 108.294311523 -220.533508301 4 72 137.045593262 -303.387695312 5 117 -93.8537597656 -258.233520508 6 82 -223.784057617 -233.798156738 7 127 -411.432312012 -162.107788086 9 124 -471.134216309 -133.894104004 16 119 -439.362182617 -125.05770874
1.75284108893 1.82353785249 15.1790581523
44 44 75
9 0 112 9.17102050781 -163.935058594 1 137 55.7028808594 -136.218170166 2 128 104.679077148 -113.195800781 3 119 108.294311523 -220.533508301 4 73 137.045593262 -303.387695312 5 116 -93.8537597656 -258.233520508 6 81 -223.784057617 -233.798156738 8 144 132.03326416 -103.943359375 16 118 -439.362182617 -125.05770874
2.29528671562 0.0262333335273 15.2665939022
157 106 116
2 3 1181 105.239440918 71.3678894043 6 1336 -222.511688232 48.8074645996
5.80705051132 1.816258373 15.0120310556
48 48 71
16 0 138 451.191650391 -164.660766602 1 171 470.457885742 -92.5093383789 5 170 280.380432129 -127.396820068 6 70 360.726989746 -81.5778503418 7 100 161.985168457 -139.954498291 9 79 104.59979248 -178.555969238 10 77 -92.6517944336 -223.468139648 11 115 -231.777069092 -124.664916992 12 149 -392.012329102 -120.717163086 13 120 -329.662322998 -37.9421386719 14 145 -451.103759766 -188.601074219 15 80 -224.993469238 -66.831237793 16 77 132.203918457 -148.588989258 17 196 58.4673461914 -111.637908936 19 218 313.380432129 -1.63168334961 20 225 181.78918457 -52.5863037109
5.80607028704 1.81650551359 15.0147922913
48 48 71
19 0 139 451.191650391 -164.660766602 1 172 470.457885742 -92.5093383789 2 240 522.718505859 -46.6324768066 3 142 577.290405273 -23.0924377441 4 111 574.390258789 -207.850280762 5 171 280.380432129 -127.396820068 6 71 360.726989746 -81.5778503418 7 99 161.985168457 -139.954498291 8 255 447.084228516 -49.2828674316 9 80 104.59979248 -178.555969238 10 76 -92.6517944336 -223.468139648 11 114 -231.777069092 -124.664916992 12 148 -392.012329102 -120.717163086 13 119 -329.662322998 -37.9421386719 14 144 -451.103759766 -188.601074219 15 81 -224.993469238 -66.831237793 16 78 132.203918457 -148.588989258 17 195 58.4673461914 -111.637908936 19 217 313.380432129 -1.63168334961
7.36947464065 1.77728319806 14.4728080082
102 120 146
2 0 157 606.146484375 -164.07824707 1 145 613.820678711 -81.0093994141
1.88277886546 1.98011020094 15.1580606789
155 171 200
11 0 161 24.2422485352 -184.47064209 1 181 72.1182250977 -154.96081543 4 112 154.837097168 -321.473937988 5 133 -72.2565307617 -273.895935059 3 131 132.599914551 -236.538818359 6 107 -199.703674316 -252.033508301 7 147 -392.465698242 -184.610778809 8 157 147.701049805 -122.103973389 9 167 -455.434509277 -157.190490723 16 163 -424.226135254 -145.740325928 10 316 -590.663757324 -223.054077148
3.05642862962 0.586616626685 15.1523389135
77 75 113
6 0 164 177.779968262 -16.4893493652 1 233 204.928405762 24.8810119629 2 242 247.376953125 59.0336608887 3 145 240.325866699 25.1331481934 4 125 298.257141113 -107.558135986 5 190 16.0568237305 -65.9008178711
5.58278593806 -0.00642950913519 15.1313520705
106 62 69
3 0 166 442.015380859 36.666229248 1 173 445.252075195 102.635131836 3 130 497.955932617 198.363098145
3.06271486836 0.861882167366 15.2022802218
31 23 36
4 0 169 175.418029785 -49.9013366699 1 220 203.339416504 -7.47897338867 2 207 248.641479492 26.6322631836 3 133 248.679321289 -15.9989318848
-2.44984954722 2.47174649836 20.7907754829
145 157 187
5 0 175 -396.810455322 -108.086090088 1 177 -391.378936768 -120.071868896 2 184 -341.429351807 -121.246459961 4 107 -371.717315674 -275.627807617 3 144 -356.708862305 -266.764892578
5.11857011356 -2.02521617577 17.7917898739
251 254 253
2 0 179 293.49005127 236.30090332 1 135 270.809814453 284.441925049
1.03603518843 1.84873641105 15.2045342046
159 176 205
10 0 181 -82.1203613281 -164.64050293 1 223 -33.239074707 -146.380126953 2 228 13.9468383789 -128.842224121 3 149 5.09564208984 -260.003295898 4 108 39.4476318359 -320.987731934 5 154 -176.376953125 -288.439025879 6 131 -316.950408936 -255.645996094 7 187 -495.827697754 -165.85546875 8 200 51.0330200195 -120.417266846 16 184 -519.991821289 -120.974304199
0.212607893981 1.84642315414 15.3030193809
151 166 195
9 0 182 -188.361450195 -157.877502441 1 255 -138.750396729 -151.277648926 2 217 -91.56640625 -140.462341309 3 151 -117.541564941 -296.059143066 4 97 -84.3653564453 -333.867492676 5 205 -278.963195801 -314.536621094 6 163 -413.914245605 -270.83605957 7 255 -581.028259277 -161.265319824 8 220 -54.977355957 -132.845947266
8.02635066013 2.53244311096 14.9105760509
136 154 180
2 0 184 615.876708984 -227.385009766 1 219 625.356323242 -138.787719727
2.18523034958 2.70026593391 15.1402020102
157 173 198
3 0 195 55.5720825195 -270.710632324 1 211 108.859069824 -235.079956055 2 211 165.99420166 -210.625488281
-0.801400340205 2.64267322521 15.4036929358
153 166 195
3 0 204 -308.656982422 -242.519042969 1 186 -253.650787354 -248.970153809 2 174 -203.64050293 -247.159179688
1.23248488159 2.15898277228 12.1868063139
166 163 161
2 0 210 5.44909667969 -323.792480469 1 227 108.973815918 -297.295043945
4.67275317924 -0.429095352537 15.1196866987
43 31 46
4 0 219 360.738769531 93.2480773926 1 291 364.317199707 149.118225098 2 275 401.912231445 193.09211731 3 178 392.907836914 227.512573242
-2.68708243727 2.56887465364 20.357236131
61 70 100
3 0 222 -418.796569824 -120.392028809 1 300 -411.563079834 -135.329376221 2 276 -360.873199463 -137.828033447
-2.68708243727 2.56887465364 20.357236131
61 70 100
3 0 223 -418.796569824 -120.392028809 1 299 -411.563079834 -135.329376221 2 277 -360.873199463 -137.828033447
-1.12782528619 2.51418291799 15.8643841776
108 126 117
3 0 232 -340.92401123 -212.067443848 1 169 -293.656005859 -221.658447266 2 176 -244.736999512 -220.540771484
1.43339436212 1.83323178259 15.187261646
144 161 188
11 0 244 -30.7603759766 -165.115661621 1 321 17.5466918945 -140.4012146 2 234 64.1649780273 -121.39453125 3 147 60.6268920898 -240.309448242 4 161 93.5858154297 -311.424133301 5 224 -128.705566406 -270.726867676 6 139 -265.256622314 -243.958007812 7 268 -450.766357422 -162.923339844 8 281 98.1793823242 -111.248413086 9 203 -509.642181396 -131.310516357 16 237 -474.880126953 -122.68145752
2.60718605521 1.63115965113 14.9981824834
151 97 105
9 0 245 120.5 -147.447021484 1 286 161.864074707 -108.487548828 2 261 212.922546387 -77.4692077637 3 167 227.9765625 -152.529296875 4 156 256.566467285 -262.480651855 5 203 4.95208740234 -208.094665527 6 123 -111.819519043 -184.754333496 7 168 -307.64074707 -139.691986084 8 262 232.300292969 -69.7272949219
-2.16874854804 2.58507587416 18.7816846922
146 159 158
4 0 246 -399.584106445 -148.467803955 1 237 -381.888519287 -161.625366211 2 235 -333.640228271 -163.695495605 4 94 -361.179992676 -326.822814941
0.274261599828 2.61570216071 14.9650083483
154 172 197
3 0 248 -179.00958252 -261.264404297 1 246 -117.034606934 -253.902038574 2 237 -66.6213989258 -243.982788086
-1.04099387499 2.74303709868 17.3119458549
136 150 151
3 0 251 -315.731292725 -200.365112305 1 303 -280.723083496 -205.667602539 2 268 -232.45892334 -201.255493164
7.99137805986 1.7342612664 14.9030020598
36 36 49
2 0 252 624.818603516 -151.224975586 1 360 627.782470703 -64.6054077148
-3.38964895629 2.34362437524 20.6581621491
152 165 197
5 0 255 -465.138946533 -95.1334228516 1 287 -462.826538086 -114.670440674 2 266 -412.967498779 -120.986602783 4 158 -447.126586914 -270.104614258 3 195 -429.720458984 -278.250915527
11.0840548306 0.864205646802 14.8866425823
107 72 76
4 11 557 394.613525391 64.2221069336 13 488 331.532043457 34.5213928223 12 497 247.700622559 60.6813049316 14 515 151.282470703 54.3497619629
4.34349516302 0.414875375942 14.9240030494
135 85 98
2 1 3073 348.179443359 50.8644104004 7 1879 -62.4724121094 54.9750061035
3.37279303612 0.080939014479 15.0385175017
148 100 108
2 1 2886 242.482299805 88.0633544922 7 1591 -212.631561279 98.0682983398
7.6134660171 2.01213860849 14.8420213982
121 142 168
2 0 290 598.827270508 -180.103271484 1 329 606.426269531 -96.2700805664
9.92614396304 1.71876328759 14.8759349548
68 83 93
3 11 531 280.372314453 -56.1932373047 12 534 115.843383789 -63.3901672363 14 503 27.2974853516 -84.8003540039
-3.39656419429 2.48132680095 20.3243511218
57 62 94
4 0 311 -471.340637207 -110.149688721 1 396 -464.733093262 -130.871459961 2 293 -416.873016357 -137.427764893 4 283 -450.203491211 -286.465209961
4.43652363553 1.52969597969 15.0239625466
127 102 111
3 7 275 -39.1649780273 -113.078582764 9 339 -101.68182373 -125.989837646 16 246 -74.9001464844 -103.936645508
2.50192543351 1.38396113854 15.0985763625
115 63 68
3 0 326 106.563415527 -114.558898926 1 461 145.859191895 -77.0890197754 3 291 200.480407715 -120.151702881
1.90697463442 1.79630382079 15.1707215047
67 59 79
8 0 327 27.5791015625 -161.115783691 1 398 73.703125 -131.41104126 2 388 124.779968262 -107.331115723 3 261 129.916625977 -209.824707031 5 301 -76.8890380859 -250.246154785 7 322 -391.384857178 -159.916809082 16 249 -422.982025146 -122.390014648 9 289 -451.331970215 -132.771179199
1.27901501587 2.69188204286 15.1147703489
175 190 215
3 0 331 -54.4806518555 -269.750183105 1 392 4.47344970703 -247.208374023 2 321 57.0112915039 -228.628173828
-1.69323231312 2.27520444136 20.9897798486
107 120 155
5 0 342 -339.03793335 -94.7763977051 1 418 -333.864990234 -99.3989257812 4 238 -311.764526367 -255.798828125 3 284 -304.069396973 -230.012207031 5 267 -568.432189941 -301.123168945
5.23124754398 -2.24767346147 18.4473053537
149 179 227
2 0 355 280.409790039 247.096282959 1 337 254.104675293 295.8671875
5.44279171502 1.61810374633 14.9420969278
49 34 49
4 0 356 424.935180664 -145.086486816 1 514 444.842895508 -76.5070800781 2 452 495.675048828 -30.1301574707 4 387 550.295410156 -194.552734375
-3.49323730432 2.00397650194 21.0349063056
144 157 184
3 0 366 -465.810791016 -65.199798584 1 453 -467.699462891 -83.1719970703 2 431 -419.700073242 -91.1417541504
7.96042626817 1.60769784311 14.8975757918
95 60 67
2 0 374 624.79699707 -138.311401367 1 521 626.529785156 -53.6889953613
5.75449652473 2.66023979005 14.9564356035
60 67 98
20 0 384 435.865112305 -254.049621582 1 468 464.283935547 -180.267211914 2 557 520.502075195 -136.762878418 3 287 592.612182617 -124.965209961 5 358 295.389343262 -210.404724121 6 171 375.686828613 -200.14855957 7 232 159.603027344 -256.358581543 8 516 442.427490234 -134.478790283 9 237 86.3453369141 -299.876708984 11 325 -221.095031738 -226.991638184 10 192 -91.6328125 -347.7109375 12 325 -381.324371338 -221.417114258 13 347 -337.178527832 -141.055725098 14 377 -429.711608887 -284.110778809 15 339 -224.829376221 -179.668029785 16 221 121.566162109 -271.784362793 17 379 66.7630615234 -201.30456543 18 432 -331.776550293 -18.1411743164 19 391 322.543518066 -90.9623718262 20 349 195.39263916 -144.761505127
-1.16580189693 2.71264208952 20.0058015047
62 72 92
3 0 385 -304.816131592 -145.308898926 1 441 -293.654510498 -146.392059326 4 159 -264.359436035 -307.904968262
-0.796610103727 2.70476710763 15.1379753246
78 105 96
3 0 387 -310.589447021 -257.387573242 1 415 -251.748168945 -266.272216797 2 472 -200.37286377 -264.144775391
0.979990743593 0.201201262085 15.4286068667
154 104 114
2 0 1373 -80.5705566406 47.1483459473 3 1105 -87.6834716797 -17.4542541504
5.84429290807 2.64957542783 14.9171228695
125 150 170
4 11 1313 -212.122009277 -227.427001953 17 1875 73.7241821289 -200.430114746 14 1629 -422.446014404 -282.643005371 19 2726 328.314575195 -90.5919799805
3.88709046632 1.77772234677 15.0626058789
109 114 142
3 1 2747 296.588745117 -108.846496582 7 770 -120.968261719 -152.387451172 6 1202 87.0661010742 -153.581787109
-3.8604782659 -1.48983306293 26.5727917797
255 255 255
5 0 26 -408.797607422 169.625396729 1 18 -447.22454834 164.891937256 2 16 -408.319274902 161.404800415 4 14 -441.311279297 32.5782470703 3 28 -471.950927734 38.2584838867
5.70968279478 1.66607365015 14.9137148823
114 75 79
7 0 419 450.104125977 -150.000366211 1 493 468.964233398 -78.2976074219 2 543 520.192749023 -32.3558959961 3 372 572.908691406 -8.78756713867 4 596 573.594970703 -195.213745117 6 215 348.853759766 -65.7520141602 7 281 151.468017578 -122.583892822
-1.36491317333 2.21674698267 20.5140172592
104 116 148
5 0 421 -317.213104248 -97.9583435059 1 444 -312.636810303 -99.7303161621 4 260 -285.906768799 -256.229675293 2 380 -263.060455322 -95.3840332031 5 271 -548.976501465 -298.356262207
-1.36491322297 2.21674732614 20.5140191648
104 116 148
5 0 422 -317.213104248 -97.9583435059 1 445 -312.636810303 -99.7303161621 2 381 -263.060455322 -95.3840332031 4 261 -285.906768799 -256.229675293 5 272 -548.976501465 -298.356262207
-2.21405717993 2.11679980008 20.3523717542
117 128 167
3 0 432 -383.595672607 -87.3748474121 1 440 -378.904785156 -97.9967956543 2 546 -330.727355957 -96.6129760742
3.91731867951 -0.333076511954 15.1545370152
39 33 58
2 3 7734 309.183166504 190.39654541 6 8548 7.4482421875 168.734786987
5.22444441339 0.949496202189 14.8288257364
127 82 91
3 0 451 418.746459961 -70.5860290527 1 554 434.041503906 -6.62316894531 2 528 480.475097656 38.7077636719
6.17543596966 1.60340877041 14.8538469607
55 34 45
2 0 454 493.111694336 -143.768280029 1 582 507.869750977 -68.3489685059
3.36194312385 1.67187591217 14.991971375
136 89 97
6 0 472 209.862426758 -152.892700195 1 496 246.519348145 -104.134674072 3 317 327.553771973 -117.666564941 6 225 2.55212402344 -162.653930664 9 316 -264.749664307 -138.493652344 16 297 -235.2996521 -120.14276123
1.63838686706 2.07390145382 15.2098102579
155 170 199
8 0 476 -7.1435546875 -194.000610352 1 495 42.3508911133 -166.981872559 2 502 92.9592285156 -144.956085205 3 288 101.829345703 -257.611694336 6 278 -229.700531006 -269.486633301 9 395 -484.90032959 -163.95300293 10 610 -611.009765625 -232.272644043 11 901 -625.812744141 -178.737182617
2.67284559049 1.5136410398 14.9779089172
124 73 81
9 0 543 130.905578613 -133.099304199 1 538 171.668701172 -93.6639404297 2 521 218.747070312 -62.7205810547 3 300 235.504760742 -132.626647949 4 266 265.141662598 -244.109558105 5 322 12.5221557617 -190.477111816 6 284 -109.922485352 -166.059082031 7 326 -302.260559082 -123.211761475 16 389 -333.27835083 -93.1117248535
6.30410741347 -0.391426943852 15.1163469293
31 19 47
3 0 548 506.665527344 75.0557250977 1 941 500.639160156 143.10043335 2 873 539.899780273 192.303863525
6.43926365391 1.46723862994 15.0400043873
107 68 77
2 0 556 506.064453125 -125.889221191 1 751 517.171508789 -49.3633422852
4.6648882615 0.424508954178 15.1183971609
69 64 96
3 0 557 354.510437012 -6.36666870117 1 794 367.602905273 51.9374694824 2 747 410.646728516 96.3741455078
4.44300590706 2.17909217291 11.7711513931
127 144 127
2 0 606 514.850952148 -315.617919922 1 692 567.701904297 -233.52130127
2.31494359527 0.221311724047 15.3175498703
133 81 86
2 0 609 87.6010131836 35.5659179688 1 776 111.796691895 67.4888000488
7.17390267574 -2.19110671887 17.2591555033
187 204 245
3 0 612 469.103515625 229.043502808 1 960 440.698364258 294.878417969 2 1004 471.444702148 340.102966309
5.56333794336 0.527027548182 14.9744035979
140 91 102
3 6 784 290.155273438 99.3847961426 7 879 123.498168945 46.1391296387 16 769 103.279663086 48.4981994629
-2.68810606435 1.97877472724 20.8641836379
73 85 118
5 0 654 -412.949584961 -67.5134277344 1 583 -411.860168457 -81.0973815918 2 722 -364.300292969 -81.5055847168 4 384 -395.813232422 -237.946289062 3 466 -390.018066406 -230.035827637
6.22813366428 -0.285936423514 15.0813896223
105 91 118
3 0 663 501.914550781 64.2086791992 1 853 497.246704102 132.093505859 2 775 537.360595703 181.320922852
7.2230636122 0.716553085088 15.1773484614
56 46 64
3 0 672 566.311157227 -45.8857421875 1 1106 565.544555664 31.6839294434 2 1079 610.617553711 83.505859375
1.99470963715 0.299905867109 15.1041454614
149 92 106
4 0 693 53.8008422852 25.6614990234 1 752 82.2647094727 54.7289123535 3 435 79.5381469727 15.2785644531 5 561 -103.647705078 -57.565032959
1.58184871938 1.52322837308 15.1186708034
136 87 93
5 0 698 -8.91772460938 -127.366088867 1 748 35.7635498047 -103.889862061 3 412 73.390625 -188.460449219 5 437 -117.389587402 -229.082092285 8 672 120.547790527 -70.8457641602
1.81110237612 2.72859880838 15.1262317807
73 79 109
6 0 700 9.47766113281 -273.188842773 1 854 67.5054931641 -242.758483887 2 666 121.083190918 -220.690551758 3 491 153.615600586 -336.975769043 6 318 -176.689910889 -350.405273438 7 369 -387.229217529 -284.721740723
7.77851921777 0.500512437022 14.9201406359
62 44 55
2 0 701 622.122436523 -28.1891784668 1 1214 615.661621094 52.8264770508
0.0371445430969 1.10966682225 15.3201987801
111 75 85
4 0 721 -205.29800415 -63.6473693848 1 630 -165.610656738 -60.7717590332 3 386 -180.312988281 -200.616638184 7 557 -611.768493652 -69.2115478516
2.51682549619 1.13933103222 15.0792612943
133 80 85
6 0 723 111.471008301 -84.1123352051 1 778 148.050598145 -47.7223205566 3 431 193.017089844 -84.5594482422 5 533 -22.6162719727 -150.897338867 6 380 -146.562164307 -113.675994873 8 701 218.855102539 -7.18295288086
1.13964736898 1.78379054834 15.1909956998
134 148 179
3 0 751 -67.7839355469 -157.695007324 1 973 -20.4853515625 -137.755249023 7 581 -485.417663574 -158.53729248
5.47628714831 0.270733077255 15.056117645
37 11 27
3 0 771 435.616333008 7.13864135742 1 978 440.735961914 71.8374328613 3 627 503.343017578 159.747772217
5.47628714831 0.270733077255 15.056117645
37 11 27
3 0 772 435.616333008 7.13864135742 1 979 440.735961914 71.8374328613 3 628 503.343017578 159.747772217
2.27902752712 -0.294263815113 15.3705495867
130 128 168
2 0 1274 85.7075195312 100.532684326 3 987 83.5487670898 118.382247925
-4.03546376656 2.15647684698 20.619003772
106 124 162
5 0 791 -509.965240479 -79.2433776855 1 927 -509.249572754 -101.810638428 2 885 -461.946136475 -111.78894043 4 635 -500.767272949 -255.757446289 3 662 -481.194763184 -277.901733398
-2.29067039918 2.52330306941 20.7133927498
140 154 188
2 0 792 -385.239440918 -115.338806152 1 771 -379.390228271 -124.565979004
0.00815872533277 2.7170021467 14.955089536
85 104 104
2 0 797 -212.771179199 -272.008728027 1 1062 -149.866943359 -268.489807129
7.08924995297 0.825002059338 15.026899229
29 14 30
3 0 821 563.789428711 -58.9339294434 1 1044 565.397949219 19.9081420898 2 1054 611.010375977 70.994140625
7.82177868158 -1.05954034606 15.0873661066
43 22 34
2 0 827 623.211547852 128.531845093 1 1892 603.374511719 203.469741821
3.77653842508 0.511806243297 15.1031588545
69 60 99
2 0 829 262.819885254 -11.1584472656 1 1197 282.99041748 38.0965576172
3.77653842508 0.511806243297 15.1031588545
69 60 99
2 0 830 262.819885254 -11.1584472656 1 1196 282.99041748 38.0965576172
5.73311857675 0.721750428704 15.2954328919
82 53 66
2 0 847 441.633544922 -41.9649963379 1 982 449.608276367 25.7002563477
0.859491772048 1.03013331714 15.2615117613
144 94 95
2 3 6202 -61.3302001953 -150.437286377 6 8042 -374.411010742 -148.843933105
1.71318879534 2.7138670344 14.9236329291
126 135 156
2 0 867 2.92889404297 -279.454162598 1 819 61.8737792969 -250.012329102
5.86398034943 2.05207970076 15.0031051796
118 133 167
14 0 873 452.764892578 -189.322692871 1 911 474.931518555 -116.988861084 2 816 528.5390625 -69.364440918 3 608 588.342773438 -46.8695678711 6 440 374.176086426 -111.681915283 7 423 171.708068848 -172.27545166 9 404 109.12121582 -212.680419922 11 639 -220.920898438 -151.701446533 12 900 -383.024841309 -149.234100342 14 868 -438.007415771 -218.452026367 17 692 68.5236816406 -136.465637207 18 646 -307.258636475 41.2998657227 19 1156 322.123779297 -24.8981018066 20 949 192.478271484 -78.2671203613
0.844882006253 2.13293123964 12.3095069713
175 181 175
2 0 899 -66.1310424805 -312.513549805 1 671 38.4420166016 -294.776000977
0.844882006253 2.13293123964 12.3095069713
175 181 175
2 0 900 -66.1310424805 -312.513549805 1 670 38.4420166016 -294.776000977
2.28768992585 1.65602183726 15.1885232959
53 44 69
5 0 917 76.2113037109 -146.19052124 1 788 117.920410156 -111.087341309 2 641 167.58013916 -82.7633056641 3 385 175.688720703 -167.566650391 4 315 206.657836914 -267.934448242
7.45148991209 -2.24031280981 18.1659044833
194 209 252
2 0 928 450.229980469 222.438369751 1 1045 419.69934082 286.214447021
3.07339885801 1.02572725555 15.4007674553
96 112 118
2 0 1270 167.550598145 -67.2753601074 3 1010 245.364013672 -36.1175231934
5.46493224854 0.203712000171 15.013359013
118 73 85
4 0 944 436.991577148 15.1548156738 1 1077 442.66027832 78.9849853516 2 1245 484.866821289 124.671600342 3 776 502.732788086 168.767669678
2.95377183991 0.579388968491 15.1207015622
73 73 117
4 0 946 167.073364258 -15.7036743164 1 965 194.736022949 25.2828369141 2 844 238.709838867 59.2457580566 3 551 226.968322754 19.9863586426
3.89286011431 0.501150798199 15.1140842837
63 62 96
4 0 948 274.656311035 -10.7513427734 1 1022 293.900512695 39.7804870605 2 933 336.035949707 79.1441040039 3 537 343.50012207 72.4036254883
-3.88889746833 2.4290092648 20.6442418554
87 94 131
3 0 975 -499.596405029 -99.3482055664 1 1057 -496.843017578 -123.307952881 2 912 -447.60559082 -131.670623779
-1.96233193497 2.72353357922 20.7449823248
63 68 102
4 0 987 -361.701416016 -131.172180176 1 1311 -353.424377441 -138.674804688 2 1365 -301.477783203 -137.336395264 3 889 -311.743713379 -276.10333252
-1.96233193497 2.72353357922 20.7449823248
63 68 102
4 0 988 -361.701416016 -131.172180176 1 1312 -353.424377441 -138.674804688 2 1366 -301.477783203 -137.336395264 3 890 -311.743713379 -276.10333252
5.75872345078 2.74462029063 14.8851433858
119 152 164
2 11 50 -219.799041748 -238.172607422 17 44 66.4907226562 -213.056030273
5.5226778285 1.06285128401 15.1929345552
174 116 126
2 17 3107 26.1591186523 -29.784576416 19 3714 282.47277832 78.8849182129
-2.26293390783 1.94092666398 20.7985417989
118 132 164
2 0 999 -381.596221924 -67.5099487305 1 1086 -381.156829834 -78.9429016113
-2.72261769983 2.54701868148 20.0020481435
55 67 85
3 0 1005 -426.360198975 -123.591339111 1 1349 -416.980957031 -138.822723389 2 1394 -367.810516357 -142.555389404
4.53678250037 1.82272247339 15.2227088469
76 74 94
2 0 1012 322.757263184 -164.000854492 1 1199 350.38659668 -103.72253418
-1.96326898842 2.61984406611 19.9073119833
54 61 92
3 0 1017 -369.864349365 -135.78237915 1 1167 -358.388092041 -143.723114014 2 1014 -306.642974854 -143.354064941
5.76393762128 2.65107953156 14.9292880975
56 84 108
10 10 191 -91.6328125 -347.7109375 11 324 -221.095031738 -226.991638184 12 326 -381.324371338 -221.417114258 13 346 -337.178527832 -141.055725098 14 378 -429.711608887 -284.110778809 15 338 -224.829376221 -179.668029785 17 378 66.7630615234 -201.30456543 18 433 -331.776550293 -18.1411743164 19 390 322.543518066 -90.9623718262 20 350 195.39263916 -144.761505127
4.31881200322 -2.33326391337 17.6027200555
167 189 235
3 0 1037 232.381835938 274.275726318 1 1069 211.308898926 317.482788086 4 514 273.735595703 230.530136108
4.51581245115 0.806397421918 14.790656463
30 31 57
2 7 334 -31.4760131836 -6.00491333008 9 337 -82.8914794922 -21.421875
6.10368902824 0.759281367722 14.8628707616
117 91 118
2 0 1119 496.196166992 -51.2569274902 1 2290 503.07800293 19.8284606934
6.90563059377 0.757778808034 14.8788564981
106 77 90
3 0 1168 559.294555664 -52.4804992676 1 2649 561.330322266 24.3680114746 2 2569 606.901367188 75.5132446289
-3.56763263101 2.39997493908 20.4054458761
81 92 125
4 0 1188 -479.654663086 -101.617431641 1 1119 -476.35043335 -123.173797607 2 988 -428.217956543 -130.347503662 4 693 -466.796813965 -279.467163086
-3.34072319467 2.4672366227 20.6787495667
141 151 184
3 0 1199 -461.422607422 -105.616210938 1 1217 -457.600708008 -124.454437256 2 709 -406.668060303 -128.863006592
2.12923867336 0.814594470514 15.2205087881
24 11 41
3 0 1218 62.5559082031 -39.817199707 1 1165 97.9223022461 -8.98513793945 3 1650 116.802368164 -54.0487670898
-1.96681291637 2.81037225829 20.8212376505
118 120 150
2 0 1223 -360.107940674 -136.946960449 1 1493 -352.520507812 -145.030548096
-2.40284044956 -0.186501732975 23.6957119402
38 51 67
4 0 1245 -354.861297607 96.7747497559 3 1804 -397.584533691 -25.0766906738 1 1527 -380.925872803 93.2929992676 2 2060 -342.467712402 95.8846435547
1.55693870647 1.57762987591 15.1230742053
162 114 121
6 0 1252 -12.6895141602 -134.830078125 1 1636 32.9743041992 -110.494171143 2 1467 79.174987793 -87.3835449219 3 1187 73.1953735352 -197.704406738 5 1027 -119.368835449 -236.761779785 8 1544 117.548339844 -77.8898010254
3.05859854983 1.66381265145 15.0428602609
53 31 57
3 0 1283 173.136352539 -150.15020752 1 3524 211.373718262 -106.574737549 2 3496 261.487243652 -73.784362793
4.73128141828 1.6442549168 14.9807474166
107 79 94
3 0 1308 355.291381836 -148.663482666 1 1701 381.249511719 -85.9634399414 3 1126 478.468261719 -47.2107849121
0.914197457649 2.12050452717 11.9347778283
156 163 153
2 0 1352 -45.1229858398 -331.91583252 1 1513 67.9513549805 -311.647094727
1.94735383974 0.574043041677 15.1320753965
164 112 119
3 0 1368 44.4827270508 -8.59442138672 1 1480 76.8244018555 19.8106079102 3 944 84.3690795898 -28.8913879395
5.34237627649 0.417220032279 14.9803721796
130 94 113
3 0 1403 426.324707031 -8.72100830078 1 1571 434.741210938 54.8944091797 2 1543 478.084716797 100.521148682
2.37013403358 1.46523216305 15.071721391
134 85 92
4 0 1478 91.6605224609 -124.332977295 1 1686 131.626953125 -89.2104492188 3 1358 186.17767334 -139.744689941 8 2782 203.21496582 -51.7403869629
0.895428379795 -0.130964522448 15.4214686283
163 111 123
4 0 1493 -88.8959350586 89.8086853027 1 1618 -66.5258178711 104.799575806 3 1179 -115.590209961 28.333190918 5 926 -263.380767822 -31.8129272461
3.3610309864 1.64880839514 14.9676669755
147 99 107
3 0 1505 210.692993164 -151.032989502 1 1728 247.599914551 -102.002471924 5 1112 83.2588500977 -183.458007812
3.98115526362 0.577668231302 15.2434900288
76 66 97
2 0 1515 277.949645996 -19.051940918 1 1473 296.617492676 32.611328125
0.499206429114 0.624183754541 15.339196087
165 113 118
3 0 1524 -144.233123779 -4.09075927734 1 1780 -111.022033691 5.14984130859 8 1274 -21.9464111328 49.0237731934
2.35047933581 0.144607251594 15.3707100611
140 91 99
2 0 1568 90.9038696289 45.1601257324 1 2384 113.549560547 77.2980651855
5.33731319478 -0.0455486262005 14.9928666483
135 95 110
2 0 1574 428.39453125 43.940032959 1 2858 432.29296875 105.727844238
4.53480936474 0.28817142762 15.0859292707
39 34 52
2 7 425 -35.3900146484 77.119354248 9 308 -75.8239135742 64.3720703125
4.03085436468 -0.341345585883 15.3912219355
63 52 77
2 0 1635 282.829833984 89.7865600586 1 5577 290.579833984 138.922012329
1.8647570703 -0.021324794723 15.168410569
170 114 123
5 0 1649 37.6895751953 68.9247131348 1 1591 62.0641479492 95.467376709 3 1149 43.5692138672 58.8226318359 5 1383 -131.967712402 -19.9674377441 8 1783 151.247009277 144.018157959
3.93416431764 1.70401978696 15.0078849236
108 78 89
2 0 1673 271.751342773 -156.149414062 1 1967 304.344360352 -100.914398193
0.867650894981 1.06813454938 15.2589940788
169 118 121
3 0 1688 -99.6258544922 -64.2396240234 1 1557 -59.7330322266 -50.080871582 8 1507 29.4285888672 -13.3638916016
4.25093020294 -0.144963138606 15.4254011154
135 90 99
2 0 1689 302.925109863 65.4129638672 1 3136 311.005249023 116.381790161
3.15770749902 0.71489411754 15.1848574042
126 90 106
2 0 1732 188.307128906 -32.3315124512 1 2684 214.467773438 11.0656738281
1.65477240071 0.142699624519 15.2074442306
164 112 121
4 0 1860 10.5388793945 48.8717651367 1 1560 35.3236694336 73.4841003418 3 993 16.4193115234 23.3424682617 5 1505 -153.289886475 -47.0893249512
4.16309482129 -2.38215810503 17.5551627682
88 92 145
2 0 1976 220.482666016 282.017822266 1 2805 198.540527344 324.312469482
3.98886842169 -0.53561286063 15.2627073545
109 75 93
2 0 1979 285.260253906 113.635726929 1 2824 291.661254883 160.9559021
3.12831562077 0.312567049847 15.1300193588
124 89 110
5 0 2007 190.683105469 16.9428710938 1 2563 211.66973877 59.4138183594 3 1437 238.359741211 66.8707885742 2 1250 254.893249512 93.6878356934 7 1303 -245.385406494 61.2192382812
3.87837770336 1.60347448908 15.1679442324
79 78 102
2 0 2018 260.106872559 -141.020782471 1 4218 290.880249023 -87.3735656738
2.8771106902 -0.0987596308813 15.1817079518
148 102 112
2 0 2031 161.81652832 70.8261108398 1 2030 180.532287598 108.883270264
2.8771106902 -0.0987596308813 15.1817079518
148 102 112
2 0 2032 161.81652832 70.8261108398 1 2029 180.532287598 108.883270264
4.7160675096 0.274810705055 15.081933221
48 18 39
3 0 2054 362.852416992 11.2055358887 1 5031 373.247070312 69.440826416 3 2609 427.370849609 134.39024353
2.17011344956 -0.293685197765 15.2671667897
112 106 146
4 0 2069 74.6949462891 101.559112549 1 2121 94.0926513672 131.506011963 2 2306 129.304321289 159.629989624 3 984 72.2632446289 114.575500488
2.36657158458 -0.385419776933 15.4676260828
60 36 61
2 0 2075 93.6166381836 110.959777832 1 2262 109.121643066 141.775604248
8.47134772969 -2.39104406385 17.8833414261
149 166 212
2 0 2101 526.411254883 224.710235596 1 2733 492.501464844 293.380004883
4.77696969937 0.308285724779 15.0901372895
127 84 94
6 0 2104 368.830444336 6.54962158203 1 2237 379.108215332 65.5214538574 3 3557 434.387329102 131.366714478 4 2025 479.393432617 -44.8764648438 9 920 -36.7872924805 57.7319641113 16 1208 -19.3120117188 86.4923706055
0.977698545335 1.05742176813 15.2155399207
148 97 104
2 0 2118 -84.7953491211 -63.9281616211 1 1704 -44.9890136719 -48.624206543
0.977698545335 1.05742176813 15.2155399207
148 97 104
2 0 2119 -84.7953491211 -63.9281616211 1 1703 -44.9890136719 -48.624206543
3.54239683568 -0.149615712653 14.9738852203
158 107 115
3 3 1165 282.077758789 152.757736206 6 944 -42.2549438477 126.27381897 7 970 -189.956268311 135.422485352
1.92234096258 0.138592480733 15.1028799817
160 108 116
