# Camera parameter file. 

# The format of each camera is as follows:
# Filename (of the undistorted image in visualize folder)
# Original filename
# Focal Length (of the undistorted image)
# 2-vec Principal Point (image center)
# 3-vec Translation T (as in P = K[R T])
# 3-vec Camera Position C (as in P = K[R -RC])
# 3-vec Axis Angle format of R
# 4-vec Quaternion format of R
# 3x3 Matrix format of R
# [Normalized radial distortion] = [radial distortion] * [focal length]^2
# 3-vec Lat/Lng/Alt from EXIF

# The nubmer of cameras in this reconstruction
21

00000000.jpg
/home/evan/UAV_Photogrammetry_toolkit/output_dir/Exif/1560.jpg
1218.51025391
640 360
0.934758224685 0.384195992932 -5.86412998806
0.0403104914986 0 5.95043615645
0.0608971016556 -0.166292297787 0.0522527414211
0.995742051676 0.0304053224292 -0.0830281046921 0.026089278595
0.984852653348 -0.0570053051484 -0.163762469435
0.0469074620314 0.996791341817 -0.0648837909744
0.166935831817 0.0562196415759 0.984364938743
0.696342267446
0 0 0

00000001.jpg
/home/evan/UAV_Photogrammetry_toolkit/output_dir/Exif/1620.jpg
1239.69396973
640 360
2.10915711327 0.649043699951 -5.5018904317
-0.792704182593 -0.203867210123 5.87116496414
0.0899497798843 -0.226764427101 -0.0472924173214
0.992291864941 0.0448592729421 -0.113090741767 -0.0235854213256
0.973310395178 0.0366608507009 -0.226554006713
-0.0569536361494 0.994864763553 -0.0836922118092
0.222322085507 0.0943617546213 0.970397422184
0.736542370879
0 0 0

00000002.jpg
/home/evan/UAV_Photogrammetry_toolkit/output_dir/Exif/1500.jpg
1219.81567383
640 360
1.70001713207 0.691322199521 -5.91756928462
-0.569335342826 -0.191551164278 6.16641520592
0.1026003054 -0.178414113756 -0.107862146244
0.993258763217 0.051184825318 -0.0890065113478 -0.0538098311928
0.978364837034 0.0977825832361 -0.182321340188
-0.116005762282 0.988969703265 -0.0921005256536
0.17130464933 0.111258579509 0.97891734253
0.706596490963
0 0 0

00000003.jpg
/home/evan/UAV_Photogrammetry_toolkit/output_dir/Exif/1740.jpg
1189.0982666
640 360
1.36629810515 1.03275474545 -7.87975260747
0.317656435216 -0.538285816534 8.03946972991
0.0817340848973 -0.178779925178 -0.308251171164
0.983339202728 0.0406398301857 -0.0888929729741 -0.153268679357
0.937214007418 0.294204903867 -0.18728148615
-0.30865549998 0.949716082978 -0.0526763153092
0.16236629454 0.107174637546 0.980893860088
0.700360952825
0 0 0

00000004.jpg
/home/evan/UAV_Photogrammetry_toolkit/output_dir/Exif/1680.jpg
1230.27514648
640 360
2.28033204001 0.0495595967396 -7.19048406411
-0.703115686092 -0.275510316873 7.50566944059
-0.0153001970731 -0.212063351391 -0.0754582069565
0.99364462505 -0.00763388524474 -0.105806956695 -0.0376491420292
0.974774793978 0.0764350589544 -0.20969401292
-0.0732044115059 0.997049721459 0.0231380717352
0.21084404233 -0.0072034044315 0.977494048122
0.871447503432
0 0 0

00000005.jpg
/home/evan/UAV_Photogrammetry_toolkit/output_dir/Exif/1440.jpg
1154.3861084
640 360
5.79134223999 -0.755478633533 -5.12858148304
-2.02341784316 -0.241916091278 7.50065665568
-0.0278105182174 -0.585667098805 -0.202080671522
0.952307305908 -0.01368348839 -0.288163236812 -0.0994288743923
0.814152159504 0.197259342641 -0.546119121606
-0.181488031367 0.979854021294 0.0833653633415
0.551560701234 0.031241819485 0.833550638745
0.542956847891
0 0 0

00000006.jpg
/home/evan/UAV_Photogrammetry_toolkit/output_dir/Exif/1800.jpg
1054.63232422
640 360
-2.96496898999 1.70140256036 -8.58984613608
3.47157275006 0 8.56850593364
0.100697534671 -0.0332033153871 -0.256827510113
0.990365385416 0.0501869662478 -0.0165483065112 -0.128001083876
0.966683981527 0.251874674297 -0.0456257813474
-0.25519669677 0.962194481854 -0.0951704612527
0.0199296984762 0.103643275431 0.99441592314
0.54221297361
0 0 0

00000007.jpg
/home/evan/UAV_Photogrammetry_toolkit/output_dir/Exif/1920.jpg
1082.08947754
640 360
-3.28924399704 0.773967952325 -8.34678698127
4.08407941104 0.146009364748 8.02407795085
0.090234056215 -0.0950742834347 -0.0487899764137
0.997556065708 0.0450802677649 -0.0474984095205 -0.0243751117176
0.994300489409 0.0443484392286 -0.0969623491131
-0.0529137229563 0.994747614547 -0.0876245940566
0.0925669570015 0.0922557841539 0.991424312965
0.597750992831
0 0 0

00000008.jpg
/home/evan/UAV_Photogrammetry_toolkit/output_dir/Exif/1380.jpg
963.022033691
640 360
7.71787342981 1.04345640709 -6.67434569996
-2.84938354639 5.55111512313e-17 9.85302180322
0.145507335176 -0.569741252771 -0.0358321246861
0.956930297774 0.0717061444217 -0.280768997004 -0.0176581029717
0.841715043206 -0.00647075674411 -0.539885584463
-0.0740610516834 0.989092687239 -0.127319798356
0.534819855173 0.147151330179 0.832054648746
0.214107801937
0 0 0

00000009.jpg
/home/evan/UAV_Photogrammetry_toolkit/output_dir/Exif/1980.jpg
1258.42504883
640 360
-3.80853819688 0.383817884457 -7.43216251434
4.38207207478 0.00903235389457 7.11945639161
0.0855806728816 -0.0801655357638 0.0562528228535
0.997886584935 0.0427601876109 -0.0400545267263 0.0281065943731
0.995212017899 -0.0595198399183 -0.0775361152061
0.0526689339743 0.994764080343 -0.0875912395762
0.0823433843382 0.0830880307688 0.993134447332
0.836808550092
0 0 0

00000010.jpg
/home/evan/UAV_Photogrammetry_toolkit/output_dir/Exif/2040.jpg
1261.0447998
640 360
-6.44988706777 0.517806244773 -7.30512974606
6.45174246364 0.0511096050517 7.32163652661
0.0485126505809 0.000804582957605 -0.0331679807274
0.999568490207 0.0242528362428 0.0004022336129 -0.0165816049103
0.999449665648 0.0331683180983 0
-0.0331294810434 0.998274719794 -0.0484980086758
-0.00160824018063 0.0484714749499 0.998824281019
0.84126492749
0 0 0

00000011.jpg
/home/evan/UAV_Photogrammetry_toolkit/output_dir/Exif/2160.jpg
1162.74523926
640 360
-6.51872024027 1.51171438129 -6.6998990351
7.10085558932 -0.0278489305508 6.26455667491
0.117154785971 -0.0770076965251 -0.105821858276
0.996145988771 0.0585021209894 -0.0384543707872 -0.0528429385525
0.991458325518 0.10077932581 -0.0827952531256
-0.109777799286 0.987571397481 -0.112489248794
0.0704294157159 0.120617363839 0.99019760078
0.825003342973
0 0 0

00000012.jpg
/home/evan/UAV_Photogrammetry_toolkit/output_dir/Exif/2280.jpg
1504.48510742
640 360
-7.44942450513 1.11982676039 -4.47122050867
7.9382271368 0.0054600923408 3.70463405369
0.0962954789774 -0.106364544471 -0.0947333494201
0.996307220344 0.0480884585544 -0.0531167926342 -0.047308355446
0.989880548685 0.0891584059455 -0.110391184617
-0.0993762185084 0.990899509919 -0.0907960580783
0.101291391475 0.100847455813 0.989732250632
1.2965745498
0 0 0

00000013.jpg
/home/evan/UAV_Photogrammetry_toolkit/output_dir/Exif/2220.jpg
1488.91699219
640 360
-7.76943961935 -0.0274046250743 -4.00809674037
7.92807756561 0.00432751723609 3.68448421008
0.11749111017 -0.0409278946327 0.0605121156014
0.997608270824 0.0586987131272 -0.0204476299736 0.0302319325203
0.997335363261 -0.0627197141321 -0.0372483829611
0.0579187895689 0.991281106569 -0.118353015604
0.0443465161604 0.115880271206 0.992272578239
1.15961171824
0 0 0

00000014.jpg
/home/evan/UAV_Photogrammetry_toolkit/output_dir/Exif/2340.jpg
1303.15869141
640 360
-8.67738715948 1.7592443984 -5.7366732091
9.21127153862 0.403151834875 5.1274886274
0.0579219006772 -0.0722100295637 -0.20555928532
0.993654230147 0.0288996645414 -0.0360286110525 -0.102562145228
0.976366774652 0.201739788575 -0.0775280293986
-0.205905449261 0.977293494979 -0.050042248425
0.0656718977157 0.0648228472606 0.995734646722
0.93119136817
0 0 0

00000015.jpg
/home/evan/UAV_Photogrammetry_toolkit/output_dir/Exif/2100.jpg
1851.63330078
640 360
-6.63818903012 1.12884656295 -2.43801917857
6.7761071755 -0.6550039112 2.22242639896
0.154270336069 -0.0525871343699 -0.0168918804955
0.996645379911 0.0770488956677 -0.0262641589614 -0.00843649382701
0.998477508635 0.0127689407625 -0.0536521140259
-0.0208638296189 0.987984270403 -0.153137784993
0.0510520967186 0.154023918585 0.986746274157
2.02738890509
0 0 0

00000016.jpg
/home/evan/UAV_Photogrammetry_toolkit/output_dir/Exif/1860.jpg
767.734130859
640 360
-4.20032770319 -0.823846784942 -10.2796239035
4.68059106827 0.812711805088 10.0709315308
0.00876276628769 -0.0453724746655 0.0225867812181
0.999669445803 0.00438090037168 -0.0226837376007 0.0112921462224
0.99871647914 -0.0227755692193 -0.0452535848785
0.022378085005 0.999706858283 -0.00927118260362
0.0454513727055 0.00824662638307 0.998932666064
0.3263140249
0 0 0

00000017.jpg
/home/evan/UAV_Photogrammetry_toolkit/output_dir/Exif/2460.jpg
1207.49194336
640 360
-12.7919031617 2.56771649909 1.67733506214
11.6601587241 -0.00503932304943 6.08934631434
0.128928799822 0.599912307527 -0.179158410224
0.949356481302 0.0633724460919 0.294875236727 -0.0880618349778
0.810587214657 0.20457800829 0.548722037023
-0.129830286877 0.976458392917 -0.172260535609
-0.571044831626 0.0683916341237 0.818065306785
0.65413326666
0 0 0

00000018.jpg
/home/evan/UAV_Photogrammetry_toolkit/output_dir/Exif/2400.jpg
755.138427734
640 360
-10.7531738037 -2.20188202853 -7.40442207016
9.70549898099 0.617825376119 8.98477313529
0.139896632243 0.172229590684 0.265376464775
0.985079912893 0.0696000905384 0.0856860877406 0.132027666992
0.950452790259 -0.248188033962 0.187193605947
0.272043176838 0.955449549279 -0.114497462398
-0.150436969444 0.159749142102 0.975627399603
0.334758916568
0 0 0

00000019.jpg
/home/evan/UAV_Photogrammetry_toolkit/output_dir/Exif/2520.jpg
1285.99584961
640 360
-12.4515380982 2.78409002081 6.75447651444
13.0653372488 -0.112758298179 6.13996453346
0.218598265837 0.907887919342 -0.198492103931
0.888216435335 0.105195330673 0.436899943025 -0.0955197079407
0.599988850727 0.261603979255 0.756027076733
-0.0777647187105 0.959619942195 -0.270337495302
-0.796219763235 0.103407391196 0.596104951076
0.720967382933
0 0 0

00000020.jpg
/home/evan/UAV_Photogrammetry_toolkit/output_dir/Exif/2580.jpg
1269.72070312
640 360
-13.7990223959 3.38732291179 6.49916565053
13.6234936518 0.00548703285774 7.65026189305
0.214226154653 0.922919219238 -0.218643960226
0.884124940471 0.102942957948 0.443494094032 -0.105065863875
0.58454834285 0.277091856411 0.762576683959
-0.0944735461654 0.956727833082 -0.275221003128
-0.805840073983 0.0888367431438 0.585431465517
0.533441920129
0 0 0

