# Bundle file v0.3
22 2182
95.8103942871 0 0
0.999276531845 -0.035778376573 -0.0130368055209
-0.0380056417596 -0.958370908387 -0.282999308404
-0.00236859799693 0.283288625701 -0.959030049325
-0.533503524677 2.70825264981 9.09460998295
90.495803833 0 0
0.999953268939 0.00988478428931 0
0.00955252844413 -0.966390333075 -0.256905906945
-0.00253975018949 0.256892900049 -0.966436158913
-0.252785195785 1.33477280991 9.28033166394
150.106582642 0 0
0.997579183097 -0.0650423734499 -0.0246260681072
-0.0695214038331 -0.942420306235 -0.327134332606
-0.00193035204221 0.328054861989 -0.944657616527
-0.414113830547 5.02875160598 8.46497346289
1.3027715683 0 0
0.975344191136 0.195899381147 0.101629742107
0.216759912705 -0.936895070349 -0.274314525738
0.0414776919117 0.289579558653 -0.95625462794
-1.62752976932 1.9277711432 9.84399594507
1502.56872559 0 0
0.943505708426 -0.227085644986 0.241314276584
-0.121407507791 -0.91451628003 -0.385907282999
0.30831860573 0.334808197403 -0.890418743969
-3.40029947288 3.69869932205 -3.81915142943
2511.68261719 0 0
0.953042838326 -0.140658722255 0.268188478671
-0.0337716847672 -0.929429734079 -0.367454460519
0.300947344708 0.341142970885 -0.890535551159
-3.67787597127 3.57992608451 -12.9306989319
1988.9276123 0 0
0.957398600738 -0.0859280590009 0.275695468575
0.00777619852978 -0.946685460796 -0.322064495993
0.288670152595 0.310487333756 -0.905686016054
-3.10476824669 3.22249238487 -7.86693535297
1537.72497559 0 0
0.94565590184 -0.278526371778 0.167819715099
-0.193976966377 -0.897386272537 -0.396324452883
0.260984475638 0.342232858771 -0.902644590484
-2.96662227159 4.15824498057 -4.04638097514
333.707946777 0 0
0.980904368023 0.146844665354 0.12752573417
0.175150320112 -0.952011373503 -0.250995913336
0.0845480531257 0.268539225071 -0.959552052628
-2.84048908699 1.77817977329 7.51958425289
1716.41552734 0 0
0.880742847418 0.292464824637 -0.372501690082
0.122244728038 -0.900277607848 -0.417805203015
-0.457547267792 0.322441914411 -0.828663171081
3.00958879336 3.47464461377 -4.63701313446
1486.9630127 0 0
0.916838748538 0.262879169411 -0.300503216215
0.121210588284 -0.900395231659 -0.417848059402
-0.380415425137 0.346674796141 -0.857380724783
1.1448300015 3.0493621348 -2.8626424616
2471.44238281 0 0
0.952550105072 0.0932326870115 0.289753413991
0.0970834688744 -0.995277518495 0.00108948788924
0.28848603108 0.0270922558379 -0.957101406511
-5.86291141968 -0.776299999498 -6.40278924241
2488.73413086 0 0
0.960585841123 0.0804698441388 0.266082302605
0.0865566579539 -0.99618554206 -0.0112062486853
0.264165147296 0.0337961473653 -0.96388547548
-6.32045419974 -0.740597497518 -6.78079679385
2477.1550293 0 0
0.966371490161 -0.0939954480495 0.239357073888
-0.0830090171087 -0.994996398646 -0.0555974239963
0.243385418198 0.0338592195729 -0.969338478427
-6.59910492401 0.418349936467 -6.83612359548
2366.67626953 0 0
0.965811127052 -0.0870489221452 0.244200030517
-0.0786630531368 -0.995935251904 -0.043905306953
0.247028302378 0.0231946648743 -0.968731047803
-6.56708343468 0.470796681288 -6.18436978682
2397.12524414 0 0
0.959216529676 -0.127418213586 0.252329116124
-0.117905972176 -0.991634758721 -0.0525311193123
0.256911101731 0.0206374527429 -0.966214581712
-6.90182060528 0.75664495155 -6.25569102519
2554.27124023 0 0
0.958382425384 -0.178771484562 0.222585897241
-0.166539643748 -0.983350397553 -0.0727212364316
0.231880120403 0.032625516375 -0.972197529979
-6.73996260499 0.818561541385 -6.79758816533
2516.98583984 0 0
0.966306437139 0.12660817855 0.224104442481
0.129483216351 -0.991580359267 0.00188097902869
0.222455591138 0.0271999134413 -0.974562684966
-7.12750075286 -1.00916800561 -6.22374187552
1658.52880859 0 0
0.870276275552 0.129047756623 -0.475357574557
-0.0311685814634 -0.948708519939 -0.31461372485
-0.491575923423 0.288617188281 -0.82161671269
4.97414638182 3.34417338438 -4.30099755569
82.2176895142 0 0
0.994444884004 0.104457313485 0.0129340366936
0.104069040359 -0.957392086661 -0.26938824282
-0.0157566945932 0.269237826959 -0.962944942642
-0.179230729627 2.01151195269 9.36891833793
2690.56396484 0 0
0.888701755414 -0.414121072767 0.196755343643
-0.386438281809 -0.907506076414 -0.164616239717
0.246727804363 0.0702609269613 -0.966534475158
-6.46138775518 2.30149339348 -7.42365522828
61.444278717 0 0
0.998290469778 0.0504557150875 -0.0295108343008
0.0395848511591 -0.955045016101 -0.29380597813
-0.0430083528319 0.292135408275 -0.955408851506
0.323728391661 3.55846852036 9.40846519609
-1.81574404351 -2.16099671561 9.9431235585
247 249 254
2 0 124 -249.64414978 211.658447266 1 0 -234.095977783 95.3317108154
-1.9693636977 -0.798131115153 10.3058623183
69 69 86
2 0 254 -270.691040039 65.6745452881 1 219 -251.309570312 -63.0790710449
-3.24389558563 -2.54816552956 10.0721677259
253 251 254
2 0 221 -360.622650146 229.199905396 1 230 -351.134918213 117.433029175
-1.82202326439 -1.38421765659 10.1143177893
33 33 54
2 0 381 -260.069793701 132.6902771 1 368 -241.767868042 6.52056884766
-2.25767029383 -2.1682587582 9.99958190049
89 100 140
2 0 343 -287.793884277 206.813796997 1 386 -274.236938477 90.9281311035
-1.99128643813 -0.12172326015 10.4950918327
37 37 70
3 0 427 -279.566955566 -8.48376464844 1 454 -257.710632324 -143.192199707 5 441 -289.739990234 -10.4326171875
-1.99123751743 -2.35104475586 9.93075838772
254 251 254
2 0 414 -262.283691406 226.663909912 1 456 -246.412109375 113.047637939
-1.813349518 -1.99202156922 9.97481981709
75 92 127
2 0 590 -253.031539917 195.948791504 1 500 -236.133453369 77.053237915
-3.92082191663 -1.73366296571 10.3751223734
52 65 109
5 0 495 -414.384460449 149.524047852 1 522 -408.377624512 27.7712249756 4 454 -379.359100342 158.918060303 5 513 -424.489349365 146.812927246 6 501 -376.667572021 143.765518188
3.78042365029 -3.36398255853 10.9093983338
125 103 145
2 4 4969 355.059997559 209.893432617 10 6844 44.3155517578 195.529388428
-2.25000533428 -2.16142600319 9.99740437908
90 101 141
2 0 519 -288.458068848 207.073760986 1 543 -274.381591797 90.673248291
-4.23517404851 -1.61555161683 10.4641639956
253 251 254
3 0 521 -440.702453613 134.276290894 1 544 -432.054870605 14.0074768066 6 441 -397.798950195 129.891265869
-1.72117816771 -0.217564319733 10.4540188806
95 92 114
2 0 441 -247.969772339 2.47137451172 1 557 -223.939910889 -131.01272583
3.15701044336 -0.125864967763 10.4209459441
148 102 118
2 0 1126 277.456726074 -26.9251403809 2 1161 282.139099121 172.31199646
3.70620922529 0.524505813989 10.6826604812
59 46 63
2 7 3584 253.565734863 -147.023376465 10 2585 161.950195312 -158.123779297
-2.18204067465 -0.0950776913448 10.5351275594
124 127 161
3 0 624 -293.7472229 -11.6327209473 1 683 -271.984130859 -144.848693848 2 630 -310.019836426 199.374786377
-3.26090928877 -2.6062144557 10.0617143276
254 251 253
2 0 625 -362.203155518 234.922668457 1 684 -352.736633301 123.220428467
-1.98158122423 -0.103597647044 10.5141728705
118 121 149
2 0 659 -273.426239014 -9.57943725586 1 710 -251.06439209 -144.270233154
-3.28977811879 0.564076802976 10.8716554041
78 81 122
2 0 1397 -411.118438721 -80.073425293 19 1371 -377.820678711 -210.116577148
-2.20113240512 -0.233127685652 10.4900946367
21 24 37
5 0 660 -296.633605957 3.61129760742 1 712 -276.901550293 -129.640014648 2 665 -312.720214844 214.777694702 6 719 -245.919189453 7.23782348633 5 685 -306.835876465 0.474334716797
-3.69775442039 -1.87923095863 10.2755100194
83 124 181
2 0 673 -415.071594238 168.49621582 1 728 -407.380004883 48.7517089844
-2.97140368846 0.0470738979501 10.6890493988
35 39 49
4 0 754 -363.617645264 -27.6127319336 1 800 -346.178405762 -158.707885742 6 813 -310.710388184 -27.7616577148 5 781 -371.015197754 -30.4659423828
3.28649181367 -0.913118028219 10.172922341
52 23 47
3 4 8443 277.647888184 23.7537994385 6 7747 333.860046387 96.2250061035 8 8153 234.353393555 101.578765869
-2.18933718829 -0.18092582616 10.5029183032
31 29 45
2 0 1193 -296.068908691 -0.958923339844 2 1143 -311.687866211 209.870147705
-1.78789881446 0.181726235552 10.5644847581
20 22 35
3 0 822 -261.262939453 -42.4728393555 1 887 -238.053787231 -182.095336914 2 868 -273.383666992 169.685546875
-2.22592361635 -0.397206766698 10.4451742569
86 87 112
2 0 1143 -298.31842041 22.5218048096 2 1130 -312.909576416 233.733688354
-3.26442616483 -2.56810058743 10.0691877557
254 251 253
2 0 827 -363.19442749 231.655853271 1 937 -353.937225342 119.629837036
-3.4460363008 0.735091378167 11.0486083102
143 151 186
2 2 1891 -410.458435059 93.7401733398 21 3327 -353.437164307 -53.4169006348
-3.87710976643 -1.82433050949 10.3245052994
253 252 254
2 0 820 -428.338623047 161.007217407 1 940 -419.904907227 41.3118133545
-2.21775386104 -0.221742685635 10.4963867285
18 21 34
3 0 889 -298.530334473 3.06887817383 1 958 -278.331726074 -130.207733154 5 953 -308.484375 -0.1142578125
-2.57324452528 0.245798384914 10.6968471007
11 12 15
3 2 625 -347.343780518 159.439910889 6 655 -277.682434082 -50.7855834961 5 634 -341.180603027 -51.356628418
-2.20009501109 -0.0847964759264 10.549474103
124 128 161
2 0 1025 -292.236816406 -11.4507751465 1 1139 -270.995117188 -145.19821167
-3.87365867829 -1.80363652727 10.3291372374
253 252 253
2 0 1059 -427.450927734 158.76751709 1 1197 -419.789001465 39.1832427979
-2.24168669049 -0.312422672416 10.4738632922
86 87 109
6 0 1142 -299.406494141 12.6243591309 1 1229 -279.429046631 -118.71206665 2 1129 -314.589538574 223.64024353 6 1083 -248.78553772 16.4495544434 5 1181 -309.022766113 9.6526184082 21 1184 -278.188964844 81.0930480957
-2.1758034142 -1.37582053084 10.1617659335
77 82 104
2 0 1100 -291.427825928 129.088150024 1 1236 -276.115478516 3.66946411133
-1.72882084276 -0.207053099474 10.4594031497
104 102 123
2 0 1070 -248.172927856 1.29058837891 1 1237 -224.42880249 -132.056976318
-2.1937685369 -0.192386029659 10.5011033702
32 34 54
4 0 1166 -296.653747559 -0.484436035156 1 1288 -276.854125977 -133.04800415 2 1128 -312.357147217 210.246536255 5 346 -305.838317871 -3.22116088867
-2.40137679189 -0.115192461883 10.5411612054
89 88 113
2 0 1136 -319.103515625 -7.63134765625 2 1127 -334.95703125 203.033874512
-1.8159090305 -1.37617865735 10.1095840641
31 32 53
2 0 1391 -261.014465332 132.989242554 1 1334 -243.604736328 5.78332519531
1.41143088786 -0.0909921407648 10.3008003775
136 97 117
2 0 4278 89.4865112305 -19.6684875488 19 4554 194.932128906 -77.697265625
-2.81345298533 0.18624506093 10.6998210054
104 126 112
3 0 1264 -355.272033691 -42.3241271973 1 1365 -338.899780273 -177.290405273 2 1323 -372.47076416 166.111557007
-1.75529198122 1.65456380603 11.0988605476
134 135 139
2 2 1864 -268.752319336 -6.18920898438 21 3264 -184.179870605 -144.188110352
-2.25238244289 -2.15203119127 9.99904468668
85 96 137
2 0 1248 -288.932830811 206.312362671 1 1424 -275.009765625 89.7343597412
-4.03890775178 -1.5587530309 10.4232887599
252 251 253
2 0 1221 -440.475189209 133.161193848 1 1425 -431.809783936 12.5104064941
-2.50317284159 0.224535633942 10.6696200111
20 19 31
3 0 6947 -325.601196289 -45.3262023926 2 6075 -342.286621094 164.668045044 5 5008 -336.727050781 -49.4258422852
3.64831780354 0.533566203069 10.6475311174
64 30 49
2 7 3375 247.378540039 -144.995849609 10 2312 158.29119873 -159.599700928
-2.22455165908 -0.209439480787 10.4979324788
20 16 30
2 0 1194 -299.45513916 2.16979980469 2 1087 -315.168212891 213.160430908
1.31136700848 1.09084113468 10.7023313621
157 170 207
2 10 7031 -68.2951660156 -268.538391113 12 7518 -299.343780518 -256.496337891
-4.03198434073 -2.03974037287 10.325995795
253 252 252
3 0 1504 -420.873291016 175.480987549 1 1574 -411.601501465 58.6146850586 6 1513 -380.650115967 172.034729004
-2.96047139417 -0.098976397684 10.6178641439
95 98 106
2 0 1069 -373.374053955 -8.62316894531 2 1065 -390.041595459 199.436737061
-2.00819302427 -0.146411770208 10.5002010413
32 32 65
5 0 1550 -279.885009766 -7.63623046875 1 1628 -258.061523438 -143.509979248 5 1593 -290.191711426 -11.1228027344 6 1529 -227.79888916 -4.42028808594 19 2790 -244.06489563 -95.9862365723
-2.01086741141 -0.245347187069 10.4704228273
23 24 44
3 0 1568 -276.676239014 4.75231933594 1 1633 -254.64440918 -127.605651855 2 1628 -292.086181641 216.941070557
-2.25416106696 -0.366392525072 10.4615322815
79 80 106
2 0 1495 -299.913970947 19.0139160156 1 1634 -279.598052979 -113.695922852
5.59253996768 0.00752080677452 11.568698861
87 87 119
5 11 3194 412.072631836 -34.3218994141 12 3159 310.401855469 -57.6000671387 14 4952 240.089538574 -69.1784057617 15 4684 201.794799805 -75.1585083008 17 3000 134.682800293 -41.793548584
-3.67208990836 -1.67412517251 10.3175656965
53 63 111
2 0 1664 -415.323822021 148.957458496 1 1793 -408.64050293 27.6251831055
-2.2010093755 -0.225318202272 10.4904589038
21 24 37
6 0 1679 -296.5206604 3.32238769531 1 1807 -276.913696289 -129.834533691 2 1831 -312.369354248 214.476226807 6 1749 -245.535064697 7.11669921875 5 1657 -306.663269043 0.202819824219 21 1804 -274.584136963 71.6806793213
-1.92485512587 -0.333680740205 10.441872146
138 140 158
2 0 1713 -266.198516846 15.090637207 1 1828 -244.458999634 -116.849731445
-2.25450374142 -0.384807934018 10.4617227431
81 81 104
5 0 1669 -300.409118652 18.2854003906 1 1900 -280.424194336 -113.913909912 5 1755 -309.824401855 15.1654663086 6 1691 -249.963150024 21.4714050293 19 1723 -269.865844727 -71.0893859863
-1.89707373894 -0.228358866733 10.4606783884
20 22 39
3 0 3071 -266.098266602 3.34240722656 1 1946 -244.726715088 -130.499023438 2 3061 -280.987701416 215.423446655
-2.22523351661 -0.0823994944395 10.5510493424
124 126 160
2 0 836 -295.287719727 -11.6495361328 1 1996 -274.275390625 -145.806365967
-3.65593071308 -2.46926950678 10.1488498284
253 252 252
2 0 1873 -398.982971191 221.163330078 1 2000 -391.052612305 107.063583374
-3.3610789645 -2.33323374244 10.1410722673
71 90 135
3 0 1850 -367.812896729 209.276992798 1 2024 -359.028625488 94.782699585 6 1891 -329.514770508 209.380523682
-2.50096558439 -2.40039029051 9.98609131546
135 151 194
2 0 2008 -305.104003906 225.800125122 1 2036 -292.834655762 112.331008911
2.09642928415 -0.136731538428 10.3490589905
133 79 85
2 2 4327 164.483886719 185.885101318 21 4260 243.14666748 85.8165893555
-1.76582126938 -1.48844446339 10.0901303123
38 39 60
2 0 2016 -252.15625 142.701553345 1 2141 -232.6146698 18.8244171143
-1.7837039702 -2.0236144779 9.96274461834
78 91 128
2 0 1870 -250.701583862 199.973480225 1 2150 -233.40802002 81.1701202393
-2.21863114794 -0.226536547937 10.4942331566
19 22 35
5 0 1914 -298.685791016 2.83407592773 1 2162 -278.240966797 -130.376525879 2 1965 -314.329528809 214.018463135 5 1873 -308.676544189 -0.2412109375 6 1936 -247.256729126 6.43310546875
-2.96482042269 0.0520917280743 10.6893040826
33 38 49
5 0 1988 -363.703552246 -28.4582214355 1 2165 -345.831512451 -159.602081299 2 826 -383.160308838 179.748016357 5 1979 -371.098937988 -31.369354248 6 2070 -310.342254639 -28.5419616699
-2.47120519619 -2.39384176869 9.97488756632
133 151 197
2 0 2209 -305.730224609 228.307434082 1 2279 -294.197723389 113.587799072
-3.04227344585 -0.0631618946709 10.6767299917
79 87 92
2 0 2118 -363.549102783 -13.2696838379 1 2307 -345.906829834 -144.890808105
-3.08389105138 -1.60344874769 10.2419310255
102 107 142
2 0 2389 -365.082641602 144.838027954 1 2425 -353.52935791 23.5649719238
-1.85592702892 -0.606455715466 10.3535488779
24 26 37
2 0 2272 -259.800292969 44.6437988281 1 2475 -237.389038086 -84.9737243652
-1.71423871786 -0.217200562017 10.4516054078
97 94 115
2 0 2288 -247.588378906 2.48492431641 1 2477 -224.000274658 -131.381774902
-2.52460036772 0.077609716849 10.6297993522
24 25 39
5 0 2277 -327.036743164 -31.0393676758 1 2494 -306.868804932 -165.271972656 5 2337 -337.120361328 -33.7988586426 2 2379 -344.131896973 179.190979004 21 2481 -303.249389648 34.922164917
-2.1650521956 -0.107093965203 10.5290752144
125 128 160
3 0 2279 -292.034973145 -10.4628601074 1 2496 -271.272705078 -143.501617432 2 2341 -307.783569336 200.657653809
-2.44833937056 -0.133729517873 10.5550660523
87 91 113
3 0 2375 -318.183837891 -6.98568725586 1 2511 -299.676116943 -140.356536865 5 2359 -328.522277832 -9.1360168457
-1.84404638928 -0.167702442137 10.4806568687
31 29 49
2 0 2394 -259.714416504 -2.80282592773 1 2546 -237.203613281 -136.910644531
3.41470554862 -3.30890567548 10.6889528638
153 146 196
2 7 2645 300.97052002 226.411529541 10 4790 19.6374511719 198.482254028
-4.22229108734 -1.58548983775 10.4688007886
250 251 253
3 0 2319 -440.019775391 131.983001709 1 2568 -431.489044189 11.072052002 6 2405 -397.188232422 127.018341064
-1.56684570597 -1.55318607805 10.0522781031
167 118 141
2 0 2393 -233.930084229 151.013793945 1 2597 -211.420684814 27.7399597168
-2.05586376869 -0.113462876263 10.5220752411
38 37 69
2 0 2474 -279.5 -8.4909362793 1 2651 -257.533111572 -142.495574951
-3.68368855202 -2.45469572617 10.1707900804
251 251 251
4 0 2622 -390.66305542 217.56161499 1 2724 -382.548614502 103.391647339 4 2593 -348.760498047 223.198822021 6 2611 -353.454284668 215.423553467
-2.27227653693 -1.41081087649 10.188609809
80 85 106
4 0 2630 -290.949462891 129.79095459 1 2727 -275.697509766 4.64321899414 5 2677 -302.518676758 127.35874939 6 2622 -247.739227295 132.195755005
-1.67321575619 -0.20109278154 10.4646974249
48 41 62
2 0 2641 -240.295776367 0.322998046875 1 2739 -216.218963623 -131.571014404
-2.60334183145 -2.41112998903 9.99173590777
120 145 192
2 0 2625 -316.164611816 227.864532471 1 2755 -304.588867188 113.446578979
-2.32093992699 -0.236236485104 10.5139711632
26 25 42
5 0 2635 -306.66394043 2.49755859375 1 2763 -287.531158447 -131.318847656 5 4554 -316.851928711 -1.37512207031 6 4484 -255.470031738 5.20690917969 19 6522 -274.447967529 -89.9618835449
-1.95896411174 -2.0675272128 9.9862905757
107 126 152
2 0 2608 -262.782287598 199.289672852 1 2783 -245.517089844 82.6626281738
-3.72142889833 -2.41442487532 10.1873042096
231 231 243
2 1 5804 -384.502929688 99.8988800049 6 5912 -354.747406006 212.254577637
-2.14355764532 -0.109710250755 10.5214182432
125 129 160
4 0 4537 -291.644165039 -10.5522155762 1 2813 -270.748413086 -144.112335205 2 2718 -307.464813232 200.668060303 6 4545 -240.210342407 -7.06292724609
-1.74448915011 -0.297689841049 10.4292536775
40 41 59
2 0 2544 -250.742324829 11.3296508789 1 2823 -227.378692627 -121.907409668
-1.4662343905 -0.638979424442 10.2845591827
146 91 103
2 0 2659 -227.129455566 50.2927246094 1 2836 -203.536254883 -82.8961486816
-1.92329959444 -2.30252334192 9.93175098896
253 252 252
2 0 2521 -256.834777832 222.90435791 1 2841 -240.865753174 108.758850098
-1.84875050366 -1.37580680105 10.1277305273
32 32 53
2 0 2496 -260.578613281 130.099594116 1 2843 -241.283157349 5.13244628906
-1.89562636017 -0.54707777327 10.3842132319
28 29 40
2 0 2494 -261.456665039 37.5405731201 1 2844 -237.932022095 -90.9870910645
-3.8885035344 -2.02753751234 10.2997714734
239 249 253
3 0 2727 -411.040557861 176.701141357 1 2888 -403.04309082 58.1998596191 6 2789 -370.805755615 173.122680664
-1.91360543943 -0.339954181138 10.4381680149
130 133 152
2 0 2745 -265.240661621 15.7928771973 1 2896 -243.609344482 -116.221008301
-1.79713049152 -1.94292343158 9.97840257567
78 93 130
2 0 2755 -253.056381226 192.455322266 1 2924 -237.156448364 72.264251709
-1.37090733062 1.75712786044 11.048190979
159 169 188
2 0 1158 -228.231872559 -222.283935547 2 1046 -243.548217773 -16.2567443848
-2.23566502132 -0.385099602199 10.447985014
86 86 110
3 0 2791 -300.431304932 20.0085601807 1 2975 -279.664733887 -112.72946167 6 2796 -248.945602417 23.2194976807
0.983117133327 1.82826338616 10.9614051786
186 188 231
2 2 1066 20.8769226074 -40.0563659668 6 1209 79.8190307617 -232.109741211
-1.92618951403 -0.340692092486 10.4404926927
125 126 145
2 0 2920 -266.079711914 15.8184509277 1 3108 -244.456924438 -115.963134766
-2.23735351615 -0.0899354314539 10.5355742014
120 123 155
5 0 2911 -300.078399658 -12.513458252 1 3133 -279.637145996 -146.229492188 2 3110 -316.251159668 198.779510498 6 3010 -249.217697144 -9.4123840332 21 3084 -277.218139648 55.9054870605
-1.9961994232 -0.10863026221 10.5157909335
126 128 155
2 0 2915 -274.143798828 -9.05166625977 1 3158 -252.13482666 -143.408325195
-1.76498414177 -0.120405716113 10.5017111674
91 90 115
2 0 3056 -248.583480835 -8.31747436523 1 3259 -224.170776367 -140.216308594
-2.45660050768 -0.289152869173 10.5263771735
20 19 36
2 0 3096 -311.979858398 9.99652099609 1 3301 -292.631591797 -120.180908203
-1.70348569473 -0.604979987681 10.3391142443
89 81 103
2 0 3093 -244.796661377 44.5259857178 1 3302 -221.940429688 -85.1203308105
-2.12665826395 -2.31158726552 9.94322863418
254 252 255
2 0 3129 -278.624938965 225.35395813 1 3333 -264.177825928 109.427429199
1.19860969057 0.903834203605 10.6345169958
40 53 76
2 3 651 113.483703613 -223.792541504 19 676 174.008361816 -222.830078125
-2.20548643819 -0.237516189178 10.4887394039
20 22 35
4 0 3245 -297.530670166 3.83703613281 1 3399 -277.479095459 -129.411529541 5 3311 -307.864349365 0.965606689453 6 3330 -246.217849731 7.65255737305
-1.79427511828 -2.01670897391 9.97041632251
76 87 126
2 0 3160 -250.359817505 197.784606934 1 3404 -232.781341553 79.616027832
-3.64291964585 -2.21602631297 10.1965623748
81 95 149
2 0 3166 -402.744537354 198.934967041 1 3406 -395.211791992 82.7548828125
-4.01350605228 -1.83859046934 10.3678286974
233 238 252
2 1 6085 -413.29473877 38.9160308838 6 6314 -380.582580566 154.522140503
-2.200675234 -0.0991554022279 10.5322800482
122 125 158
4 0 3174 -296.320007324 -11.638885498 1 3417 -276.2371521 -145.430480957 2 3212 -312.676086426 199.631118774 6 3290 -245.695205688 -8.75436401367
-2.27560637757 -0.38097317088 10.4679145381
80 79 101
6 0 3243 -301.193786621 17.7514648438 1 3426 -281.246459961 -113.399780273 2 3268 -316.169921875 228.481262207 6 3331 -251.164505005 21.1398162842 5 3312 -311.306884766 14.4068908691 19 3285 -271.173583984 -71.5376586914
-3.99558443606 -1.64597602936 10.406121052
61 87 132
2 0 3191 -426.523193359 138.282302856 1 3436 -416.616912842 20.9017181396
-1.82906281306 0.191384230615 10.5827381015
22 24 36
2 0 3353 -260.627441406 -41.868560791 1 3540 -239.237640381 -181.66809082
-3.31774510121 -2.34367249879 10.1304244536
74 91 137
3 0 3356 -364.349060059 210.922866821 1 3541 -356.924743652 96.191986084 6 3438 -326.13458252 211.269378662
-2.11692343783 -2.25204288358 9.96226075125
253 252 253
2 0 3380 -275.963439941 217.127044678 1 3549 -260.558166504 101.74041748
-1.94495559969 -0.333979950485 10.4450741257
135 137 154
2 0 3429 -267.880767822 15.0776977539 1 3557 -245.962905884 -116.622589111
-3.95064987955 -1.86798336669 10.3273834359
254 252 255
2 0 3385 -434.777923584 165.03704834 1 3561 -426.587890625 45.3466644287
-2.23213204387 -0.0836128079608 10.5518670322
124 126 160
2 0 3389 -295.946044922 -11.5152893066 1 3562 -274.647979736 -145.555664062
-1.8419670447 -1.35710743617 10.1173188169
28 29 48
2 0 3357 -264.186462402 130.815353394 1 3607 -245.870346069 3.40997314453
-1.95984954902 -0.232496395539 10.4772138905
24 24 40
2 0 3388 -269.246551514 4.162109375 1 3619 -247.666473389 -128.499023438
-1.74422594279 -0.21300453749 10.4598129177
100 97 118
2 0 3335 -249.343200684 1.92959594727 1 3634 -225.901397705 -131.243438721
2.49154119621 0.641715175202 10.6097554769
68 70 111
2 2 1150 202.906555176 89.4783935547 6 1228 249.754394531 -90.8858337402
0.875636421039 0.917332675505 10.6278306099
149 153 189
4 0 7715 19.9011535645 -138.357849121 10 5819 -118.397613525 -255.188171387 5 7617 -16.8986206055 -138.511810303 19 7543 131.295654297 -232.855621338
-1.96263441534 -2.23563108645 9.94557997358
254 252 254
2 0 3803 -262.991424561 217.496429443 1 4006 -246.466110229 101.867584229
-4.30270382984 -1.89010420796 10.4150390523
254 251 255
3 0 3801 -439.611694336 159.211502075 1 4019 -432.535095215 39.1007232666 6 3869 -400.305175781 154.994232178
-2.9121217701 -2.52118643653 10.0204205877
130 163 197
2 0 5868 -337.404815674 232.528945923 1 4098 -327.222167969 119.840957642
-1.71084333347 -0.346671001962 10.4131643689
32 34 44
2 0 3796 -247.037582397 16.569519043 1 4123 -223.169219971 -115.859161377
2.66177052777 1.31475534985 10.8624213729
116 124 159
4 0 2862 213.547241211 -192.285430908 2 1579 212.694030762 5.05032348633 7 2664 119.864990234 -214.049530029 14 3027 -209.279418945 -217.08203125
1.46918164632 1.68531422893 10.9305058912
176 181 217
5 0 853 81.8004150391 -229.342651367 2 914 77.180847168 -27.8463134766 6 882 134.190673828 -215.465270996 18 8389 152.408752441 -209.858184814 21 921 175.660705566 -135.019592285
-1.84188167198 -0.162011563661 10.4828210353
33 31 51
2 0 4058 -259.018981934 -3.44018554688 1 4274 -237.0677948 -137.540618896
-3.73383894422 -2.09931277525 10.2561988262
64 80 126
4 0 4037 -398.642608643 184.171813965 1 4285 -389.870605469 67.9510650635 6 4220 -358.307312012 182.800338745 5 4088 -407.313293457 182.00920105
-4.22412979377 -1.58070916804 10.4701500185
247 250 253
3 0 4034 -440.427215576 131.502746582 1 4286 -431.80847168 10.6488037109 6 4187 -397.343231201 126.553421021
2.54228151468 0.552632740734 10.5834687975
47 29 62
2 0 910 208.764099121 -103.058837891 2 913 209.381103516 99.6741943359
-3.31753036301 0.0692438231703 10.7560041363
15 23 30
3 0 3977 -390.500244141 -29.1842041016 1 4346 -374.16204834 -159.425567627 5 4108 -397.326660156 -31.8458557129
-1.82278576166 -0.243517035426 10.4584308092
32 31 48
2 0 4028 -256.611206055 5.29934692383 1 4361 -234.144790649 -127.563476562
-3.59516826491 -1.80945984953 10.2971330568
49 61 98
4 0 4073 -391.92376709 158.018066406 1 4375 -382.377258301 37.775100708 4 4055 -360.469940186 166.090316772 7 4007 -378.137878418 221.326446533
-2.24536449587 -0.352447109615 10.4592032624
77 76 98
2 0 986 -300.79309082 17.7575378418 2 904 -315.556854248 228.901901245
-1.73255238969 -1.75952995841 10.0200454967
61 71 90
2 0 4214 -247.372055054 172.03717041 1 4425 -228.613464355 50.8462371826
2.90422229193 0.634420789167 10.6386466838
56 49 72
2 0 877 246.96282959 -114.207336426 2 902 247.862609863 85.1280059814
-1.89936872085 -2.07109203003 9.96289815034
117 137 184
2 0 4254 -262.183837891 204.671127319 1 4440 -245.22668457 85.8458862305
-1.6297468969 -0.123612610669 10.4813058821
144 126 146
2 0 4268 -237.532348633 -8.0302734375 1 4446 -212.073303223 -141.09866333
4.10461891686 0.317762261407 10.6654131344
44 29 51
2 0 919 371.753112793 -84.452911377 2 859 374.801635742 105.611343384
-3.91781971549 -2.2116313273 10.4514190371
68 94 146
2 6 2614 -363.923583984 184.121017456 21 2590 -395.137451172 242.777496338
-2.19863137312 -0.105677775187 10.540100889
124 128 160
2 0 4350 -293.271759033 -9.17111206055 1 4482 -271.653869629 -143.209075928
1.18715460903 1.17834988216 10.6786822325
40 52 92
2 4 4957 3.44805908203 -191.738677979 14 7025 -396.606079102 -172.04901123
-2.65671048377 -0.0723836363522 10.5963429157
19 21 36
3 0 4371 -339.923583984 -13.5871276855 1 4501 -323.656677246 -147.908538818 2 4323 -356.209503174 195.418563843
-1.47121552238 -0.949256286619 10.2239463317
148 95 108
2 0 4376 -221.99911499 81.7967834473 1 4509 -195.331085205 -43.883605957
3.39522318485 0.436852375613 10.6379197746
51 31 52
4 0 151 295.726806641 -94.0776977539 2 46 298.001831055 102.228256226 3 79 386.593688965 -90.0161132812 5 141 267.417480469 -97.759979248
3.71767026773 0.518035272529 10.6848678291
51 37 58
3 5 4110 302.749450684 -108.909332275 9 4324 273.716430664 -110.296234131 10 4572 161.262512207 -158.02911377
-2.69233070402 -0.364656361299 10.6335677468
87 87 109
2 0 2340 -298.128356934 13.5587463379 19 1344 -268.013183594 -76.4124450684
-2.97129869885 -0.106668980079 10.6178976991
87 90 100
2 0 733 -373.942077637 -7.80432128906 2 720 -390.763000488 200.094482422
-2.03903741804 -0.470965027382 10.408413905
78 79 98
3 0 4746 -278.087158203 29.6669158936 1 4650 -257.271240234 -101.113739014 2 4441 -292.499084473 241.764892578
-2.35594970787 -2.20192589905 10.0214853712
87 97 138
3 0 4677 -289.08215332 206.693725586 1 4738 -275.932952881 90.5928344727 6 4693 -249.661026001 211.716567993
-1.53277915799 -1.30966071165 10.0836854363
146 106 128
2 0 4782 -238.126296997 129.477767944 1 4741 -217.296539307 -0.598785400391
-1.80891779067 -0.77535932477 10.2925685035
56 54 74
2 0 4777 -256.187530518 63.7385864258 1 4763 -236.026168823 -65.7531433105
-1.79702568127 -2.26464613365 9.92378552562
252 253 253
2 0 4661 -246.354888916 220.852630615 1 4779 -229.300537109 106.260101318
-1.84582234974 -0.35125375296 10.4074834995
130 133 152
3 0 4808 -265.580749512 15.6268615723 1 4857 -243.860900879 -116.064453125 6 4794 -213.142608643 21.121673584
-1.71836608965 -1.76704512233 10.0207793262
76 75 96
2 0 4809 -244.941436768 171.958496094 1 4859 -225.75604248 51.4423217773
-1.84356993633 -0.0824661784236 10.5147770605
82 81 107
2 0 4846 -257.863769531 -12.1672973633 1 4897 -234.170837402 -145.549835205
-1.71379361655 -1.66661145949 10.0297264513
112 123 137
2 0 4886 -250.029525757 164.78024292 1 4898 -229.803314209 41.0397033691
-1.98822898357 -0.261023060845 10.4539055257
21 23 39
3 0 6904 -278.32635498 8.10772705078 1 4926 -256.597473145 -126.747497559 5 6874 -288.752380371 4.24340820312
-3.13385012267 -2.11820442583 10.1212840146
56 75 123
2 0 1207 -370.745544434 198.589309692 19 1251 -375.312805176 109.35987854
-1.71736551356 -1.76586656725 10.0174076186
63 67 88
2 0 5198 -245.932174683 172.707763672 1 5048 -226.731109619 51.6596374512
-1.81785426604 -0.0962514680285 10.4943895255
80 80 105
3 0 5165 -258.372375488 -11.924407959 1 5071 -235.138717651 -145.706939697 2 4755 -274.095153809 200.600692749
-1.96821254626 -0.115271478451 10.500593347
120 122 150
3 0 5070 -274.132019043 -9.16613769531 1 5102 -251.839477539 -144.007598877 2 4754 -290.093444824 203.090454102
-1.65270962483 -0.302829940583 10.4172016749
36 28 41
2 0 5164 -242.557998657 11.8985290527 1 5127 -218.036010742 -121.572601318
-2.03841888607 -0.46548882367 10.4087553283
77 78 91
2 0 709 -278.463317871 29.4627990723 2 695 -292.633850098 241.191680908
-3.84214627937 -2.24775455718 10.2439278771
74 93 154
4 0 5048 -403.883972168 195.612960815 1 5142 -396.829528809 81.0223999023 4 5171 -364.305267334 205.53918457 6 5137 -365.368988037 193.386810303
-2.35141539678 -0.312820373947 10.4878196374
24 22 39
3 0 7050 -308.953125 12.9731750488 1 5143 -291.160522461 -118.928192139 5 7068 -318.99407959 9.23846435547
-1.74287100103 -1.00613913 10.2334368641
41 37 53
2 0 5163 -246.194488525 87.5159606934 1 5144 -225.259399414 -38.0209655762
-2.05090781447 -0.469291931729 10.412664516
78 79 98
2 0 5228 -278.850341797 29.8515014648 1 5189 -257.776245117 -101.199829102
-2.38845757797 -2.42549085654 9.95739338239
170 177 218
2 0 5234 -298.358032227 232.257965088 1 5191 -286.296691895 117.865341187
-1.72961971323 -1.76901099368 10.0186591742
60 68 87
2 0 5235 -246.889892578 172.796295166 1 5207 -227.736999512 51.8712615967
-1.85013943056 -0.0891903029021 10.5102544954
77 76 102
2 0 7287 -259.759460449 -11.386138916 1 5232 -235.47756958 -145.204559326
-1.56192639575 -1.32953010374 10.0948007597
154 111 133
2 0 5336 -237.231552124 129.051712036 1 5238 -216.272583008 1.33480834961
-2.41986522824 -0.289468493999 10.5184867385
23 22 39
2 0 5350 -309.707672119 10.1526794434 1 5261 -290.627746582 -120.652954102
-3.23688621836 -1.78626728922 10.216470694
48 59 94
2 0 5414 -379.877075195 163.599243164 1 5290 -368.948120117 42.6233215332
-2.05027859057 -0.465562168453 10.411357069
75 76 96
3 0 5431 -279.4609375 29.196472168 1 5297 -258.148956299 -101.731903076 2 4955 -293.543060303 240.980331421
-2.62453644159 0.162142562386 10.6807239585
15 15 22
2 2 1201 -351.23248291 167.379272461 6 1222 -282.12310791 -41.7549133301
-2.4790279664 -0.124699720621 10.5634305771
91 92 113
3 0 5456 -320.773132324 -7.75662231445 1 5305 -301.581481934 -140.868530273 5 5469 -330.986450195 -10.4430541992
-3.5757607542 -2.66445113645 10.4694587908
136 156 195
2 4 8343 -325.50201416 227.566757202 6 7524 -328.569854736 224.305725098
-2.48490380352 -2.40837066229 9.97815411574
136 155 200
2 0 5538 -305.417572021 228.160858154 1 5339 -293.01940918 114.110214233
-2.86494846339 -1.24001559837 10.31516245
73 87 105
3 0 5535 -342.261444092 107.92376709 1 5346 -328.233795166 -17.5815429688 5 5542 -352.522827148 106.489837646
-2.17703527344 -0.0985952285419 10.5273619373
124 126 160
5 0 5572 -295.440948486 -11.2096557617 1 5360 -274.26171875 -145.211456299 2 3391 -312.007019043 199.581970215 6 5415 -243.403213501 -7.89813232422 5 5565 -305.846618652 -13.9735717773
-2.40796209007 -0.103139805346 10.5482231429
89 92 118
2 0 661 -318.92578125 -8.90753173828 2 667 -334.837158203 201.005950928
-2.12918316141 -2.24899140613 9.96230380487
253 252 253
2 0 5581 -277.487091064 217.309112549 1 5368 -262.787322998 101.626251221
-1.73837206555 -0.215929569621 10.451307952
97 94 114
3 0 5707 -249.452819824 1.64468383789 1 5409 -226.128417969 -131.819488525 2 6450 -265.661682129 214.302185059
3.09144468018 -1.64492173492 10.0284275618
153 98 115
2 0 7586 267.226379395 144.283096313 19 7421 367.173034668 153.909255981
1.66266873008 -0.410543025993 10.2308712902
78 56 81
2 0 8127 117.863647461 17.4165344238 19 7937 219.382202148 -25.8101806641
-2.5597272316 -2.42561794582 9.99123491646
137 161 209
3 0 3666 -307.068786621 229.428161621 19 1197 -315.657806396 149.400817871 5 1114 -312.494720459 227.116378784
-1.94494530457 -0.332222259761 10.4450811832
129 129 146
2 0 5637 -268.183166504 14.9159851074 1 5441 -246.000228882 -116.872253418
-2.05391724421 -0.461510732144 10.4134473152
79 80 99
3 0 5800 -279.702423096 28.8007507324 1 5442 -258.233184814 -102.183135986 2 5082 -293.879425049 240.384048462
-1.98055078329 -1.64010370114 10.0758838785
91 98 123
2 0 5833 -271.64642334 157.882659912 1 5512 -254.089294434 35.3243560791
-1.79795104819 -1.51215428479 10.0875506403
37 39 61
2 0 5705 -255.498916626 145.152374268 1 5557 -235.543899536 21.4765472412
-1.86703543948 -1.37242082116 10.1200097837
28 30 49
2 0 5758 -265.381011963 131.644821167 1 5578 -247.011367798 5.00183105469
-3.44293041254 -2.21458394847 10.1628920047
79 95 138
2 0 5628 -386.205474854 200.336608887 1 5579 -378.351104736 84.4017486572
-3.37023513932 -2.50331472263 10.0910168568
134 160 212
2 0 6096 -377.232330322 227.988815308 1 5801 -368.614135742 113.923492432
1.21697604657 1.78191351921 10.958538412
69 67 104
4 0 657 54.0899658203 -240.085021973 2 662 48.7872924805 -37.5217285156 7 680 -55.5546264648 -230.191619873 21 1823 148.20135498 -149.741271973
-3.67556051435 -2.33291865505 10.1808019588
100 129 185
2 0 6098 -401.857086182 208.290283203 1 5805 -394.050170898 93.4386901855
3.36247600607 0.489910404941 10.6361765619
111 112 146
2 0 649 294.364318848 -99.5272216797 2 651 297.68951416 96.1450195312
5.29589071407 0.967043664313 11.0516910356
40 66 103
3 10 5204 298.001342773 -182.73236084 12 5312 267.147399902 -203.931640625 11 5178 371.237548828 -182.474731445
-2.10861058671 0.229912515689 10.6165829131
22 24 37
3 0 6065 -292.338256836 -47.2622680664 1 5952 -271.181945801 -186.328460693 2 5634 -305.551452637 163.337219238
-1.91201731671 -0.335660312512 10.4393072479
120 123 142
2 0 6271 -265.789916992 15.34375 1 5960 -242.777770996 -116.610321045
-2.43840754709 -0.145553426622 10.549116916
85 89 110
5 0 6292 -318.147094727 -6.83404541016 1 5972 -299.15838623 -139.802703857 2 5648 -333.836853027 203.914581299 5 6313 -328.163696289 -8.82601928711 6 6126 -266.659301758 -3.89434814453
-1.37871090337 1.80117773686 11.0633723567
135 146 164
2 0 570 -229.753570557 -227.743865967 2 1524 -244.933074951 -21.4319458008
-2.55474028344 -0.213322839564 10.546778453
20 24 34
3 0 6379 -327.434082031 0.720001220703 1 6006 -309.916687012 -129.892089844 2 5687 -343.461242676 210.553070068
-1.8905776604 -0.465391174598 10.4044748279
31 32 47
2 0 6390 -261.847930908 28.9918060303 1 6016 -238.62171936 -100.787261963
-1.50522094682 -0.529576030814 10.3353072162
143 90 102
2 0 6391 -227.116668701 36.8519287109 1 6017 -203.575744629 -94.8042907715
-1.50242409053 -0.169960689175 10.4639797678
144 90 98
2 0 6403 -224.201263428 -3.43539428711 1 6031 -195.526580811 -134.389099121
-1.8216658732 -1.75629014846 10.0315879823
52 61 86
2 0 6455 -256.244018555 170.933792114 1 6052 -236.669433594 49.7718048096
-2.69805509076 0.196418952394 10.6682820918
101 124 111
2 0 638 -351.252990723 -41.1224060059 2 637 -368.356323242 167.859100342
2.47986765005 -0.20965116804 10.3522974479
27 17 26
2 2 3150 207.466064453 190.273895264 21 3124 282.202331543 92.5822753906
-1.82929295092 -0.305315278653 10.4313432396
33 34 54
3 0 6491 -258.949645996 11.8265380859 1 6073 -237.511367798 -121.419067383 2 5769 -273.424072266 224.205352783
-2.94910293037 -1.63392309628 10.1998777765
83 86 125
2 0 6522 -359.963439941 152.092468262 1 6092 -349.63848877 28.738494873
-2.24168256493 -0.399342528096 10.4492075587
86 87 111
3 0 6524 -299.256256104 22.3482055664 1 6099 -278.721374512 -109.799835205 2 5793 -313.608337402 233.351333618
-2.6151184656 2.22846065636 11.4392772454
92 122 103
2 2 5691 -354.296203613 -63.4249572754 21 4235 -255.089065552 -209.504241943
-1.75476487567 -1.95723097181 9.97026033797
79 88 128
2 0 6541 -250.12197876 194.488586426 1 6105 -231.944000244 74.3731079102
-1.81383935956 -0.321393881393 10.4236716633
36 37 55
2 0 6569 -257.635101318 14.1778259277 1 6113 -237.559555054 -119.966339111
-1.73078197624 -0.300006914009 10.4299279434
30 31 46
2 0 6570 -248.506195068 11.457244873 1 6115 -225.260925293 -121.30670166
-2.01295085361 -0.230110399046 10.4780354583
24 24 45
3 0 6609 -276.238708496 2.88858032227 1 6146 -253.585449219 -128.876373291 2 5850 -291.833892822 214.708969116
-2.17069058196 -0.190578334015 10.49944537
32 34 50
3 0 8629 -294.093902588 -1.56890869141 2 583 -309.36505127 210.00402832 6 7768 -243.009460449 2.17037963867
-1.81276745413 -0.776922775992 10.2947889418
56 54 74
2 0 6632 -256.372741699 63.6897125244 1 6156 -235.255477905 -65.3781433105
-2.46658428012 -0.152650923276 10.5648196709
89 92 118
4 0 491 -318.237731934 -8.12451171875 2 524 -334.202606201 201.862365723 6 523 -266.998962402 -6.98834228516 19 510 -285.925415039 -102.56237793
-2.18414227759 -0.269287570709 10.4849331619
30 30 50
3 0 6709 -292.338684082 7.3493347168 1 6218 -271.88659668 -124.220367432 2 5924 -308.108154297 218.447219849
-1.96002097222 -0.132884042724 10.4910427686
124 126 154
4 0 6713 -274.888183594 -8.12454223633 1 6219 -252.682769775 -142.36239624 2 4478 -290.644958496 203.465240479 6 6465 -223.124389648 -2.54486083984
-3.89801679051 -2.34228228934 10.2336717995
100 124 195
5 0 6707 -407.001373291 204.992141724 1 6241 -399.786956787 90.2718200684 4 4665 -365.742858887 211.585510254 5 6730 -414.858398438 203.601028442 6 6495 -368.446594238 202.82522583
-3.47426738847 -1.15911676245 10.4359509089
57 66 84
3 0 4755 -389.050323486 94.9122314453 1 6243 -378.897216797 -28.321685791 5 4842 -399.388183594 94.3215179443
-1.9734658101 -0.257516062077 10.450790494
23 23 41
5 0 6747 -276.975952148 6.44250488281 1 6246 -255.027053833 -127.415649414 2 5944 -292.16619873 220.285476685 5 6770 -287.318206787 4.30178833008 6 6503 -225.43572998 9.96340942383
-2.42715447848 -0.0970950850272 10.5635753667
85 90 118
5 0 6745 -316.995117188 -11.3495178223 1 6259 -298.315887451 -145.800109863 2 5942 -333.030944824 198.508361816 6 6501 -265.715515137 -9.1887512207 21 5754 -293.835876465 53.475479126
-1.66728717658 -1.72392361799 10.0253306642
143 112 133
2 0 6767 -240.471725464 167.781265259 1 6260 -220.798248291 46.8149108887
-1.79394607522 -1.95430635157 9.97802251602
71 85 123
2 0 6764 -252.087539673 192.995437622 1 6274 -235.751052856 73.2891845703
0.978050132853 1.71800174775 10.9409444909
177 185 222
2 2 3130 19.5299987793 -28.0501403809 21 3119 120.886413574 -140.389099121
-1.73890650142 -1.40406640659 10.1120032326
34 35 55
2 0 6802 -249.094085693 133.043701172 1 6287 -228.906188965 8.857421875
-1.64448641955 -0.123807685331 10.4776118355
133 125 149
2 0 6843 -239.754470825 -7.87789916992 1 6317 -215.561950684 -141.956634521
-2.7136183334 0.1999931895 10.6721403237
101 124 110
2 0 515 -352.484802246 -41.4525146484 2 494 -369.671539307 167.274200439
