# Camera parameter file. 

# The format of each camera is as follows:
# Filename (of the undistorted image in visualize folder)
# Original filename
# Focal Length (of the undistorted image)
# 2-vec Principal Point (image center)
# 3-vec Translation T (as in P = K[R T])
# 3-vec Camera Position C (as in P = K[R -RC])
# 3-vec Axis Angle format of R
# 4-vec Quaternion format of R
# 3x3 Matrix format of R
# [Normalized radial distortion] = [radial distortion] * [focal length]^2
# 3-vec Lat/Lng/Alt from EXIF

# The nubmer of cameras in this reconstruction
22

00000000.jpg
/home/evan/UAV_Photogrammetry_toolkit/output_dir/Final/1620.jpg
95.8103942871
487 274
-0.533503524677 -2.70825264981 -9.09460998295
0.657587862567 2.22044604925e-16 9.48150939384
-0.287142729001 -0.0078114848314 0.0374130245494
0.98952987443 -0.143069943803 -0.0038921016727 0.0186411800794
0.999276531845 -0.035778376573 -0.0130368055209
0.0380056417596 0.958370908387 0.282999308404
0.00236859799693 -0.283288625701 0.959030049325
-0.0104639681143
0 0 0

00000001.jpg
/home/evan/UAV_Photogrammetry_toolkit/output_dir/Final/1680.jpg
90.495803833
487 274
-0.252785195785 -1.33477280991 -9.28033166394
0.263588203263 -1.09164645439 9.31176457881
-0.259816803049 -0.00128429604311 -0.00982902331712
0.991561869089 -0.129542800861 -0.0006403408271 -0.00490068076924
0.999953268939 0.00988478428931 0
-0.00955252844413 0.966390333075 0.256905906945
0.00253975018949 -0.256892900049 0.966436158913
-0.010419713016
0 0 0

00000002.jpg
/home/evan/UAV_Photogrammetry_toolkit/output_dir/Final/1650.jpg
150.106582642
487 274
-0.414113830547 -5.02875160598 -8.46497346289
0.779057171512 1.9352717473 9.63136776234
-0.33404117779 -0.0135395057455 0.0686058973841
0.985476674744 -0.166211238527 -0.00673694792327 0.0341367230528
0.997579183097 -0.0650423734499 -0.0246260681072
0.0695214038331 0.942420306235 0.327134332606
0.00193035204221 -0.328054861989 0.944657616527
-0.0147919503068
0 0 0

00000003.jpg
/home/evan/UAV_Photogrammetry_toolkit/output_dir/Final/1740.jpg
1.3027715683
487 274
-1.62752976932 -1.9277711432 -9.84399594507
0.761226604513 -0.725677676512 10.1075886735
-0.288293918507 0.0731644542172 -0.210974309052
0.983424360262 -0.143349632971 0.0363798782605 -0.104903668886
0.975344191136 0.195899381147 0.101629742107
-0.216759912705 0.936895070349 0.274314525738
-0.0414776919117 -0.289579558653 0.95625462794
-9.10607605305e-06
0 0 0

00000004.jpg
/home/evan/UAV_Photogrammetry_toolkit/output_dir/Final/1560.jpg
1502.56872559
487 274
-3.40029947288 -3.69869932205 3.81915142943
4.83475231983 3.88902679039 -1.15274896529
-0.376269839869 0.28695134521 0.181940677503
0.968044515044 -0.186126637051 0.141944113564 0.0899992581337
0.943505708426 -0.227085644986 0.241314276584
0.121407507791 0.91451628003 0.385907282999
-0.30831860573 -0.334808197403 0.890418743969
1.5585884472
0 0 0

00000005.jpg
/home/evan/UAV_Photogrammetry_toolkit/output_dir/Final/1590.jpg
2511.68261719
487 274
-3.67787597127 -3.57992608451 12.9306989319
7.5175276545 7.22115536797 -9.21341381534
-0.368342222157 0.29584746515 0.0906721939522
0.971211630331 -0.182400367045 0.146501495041 0.0449002054688
0.953042838326 -0.140658722255 0.268188478671
0.0337716847672 0.929429734079 0.367454460519
-0.300947344708 -0.341142970885 0.890535551159
2.64471919491
0 0 0

00000006.jpg
/home/evan/UAV_Photogrammetry_toolkit/output_dir/Final/1500.jpg
1988.9276123
487 274
-3.10476824669 -3.22249238487 7.86693535297
5.21838669927 5.22648886246 -5.231155381
-0.326701184408 0.291484283507 0.0403639736363
0.975931616148 -0.162037948992 0.144570995506 0.0200198095794
0.957398600738 -0.0859280590009 0.275695468575
-0.00777619852978 0.946685460796 0.322064495993
-0.288670152595 -0.310487333756 0.905686016054
1.92157752483
0 0 0

00000007.jpg
/home/evan/UAV_Photogrammetry_toolkit/output_dir/Final/1530.jpg
1537.72497559
487 274
-2.96662227159 -4.15824498057 4.04638097514
4.66803024269 4.29006435369 -1.50656922586
-0.385772823453 0.223978560308 0.246804065135
0.96768884008 -0.190804440711 0.11078049394 0.122070059761
0.94565590184 -0.278526371778 0.167819715099
0.193976966377 0.897386272537 0.396324452883
-0.260984475638 -0.342232858771 0.902644590484
1.5470919753
0 0 0

00000008.jpg
/home/evan/UAV_Photogrammetry_toolkit/output_dir/Final/1770.jpg
333.707946777
487 274
-2.84048908699 -1.77817977329 -7.51958425289
1.83903209519 0.0906540105099 8.02396803052
-0.264525620734 0.107979126105 -0.163946414991
0.986466901897 -0.131665628469 0.0537457939257 -0.0816030889751
0.980904368023 0.146844665354 0.12752573417
-0.175150320112 0.952011373503 0.250995913336
-0.0845480531257 -0.268539225071 0.959552052628
-0.00550023338399
0 0 0

00000009.jpg
/home/evan/UAV_Photogrammetry_toolkit/output_dir/Final/1410.jpg
1716.41552734
487 274
3.00958879336 -3.47464461377 4.63701313446
-5.19707603835 3.74309747571 -1.26972419365
-0.396252849455 -0.444323600865 -0.221993221014
0.949958370976 -0.194810409604 -0.218443508483 -0.109138875278
0.880742847418 0.292464824637 -0.372501690082
-0.122244728038 0.900277607848 0.417805203015
0.457547267792 -0.322441914411 0.828663171081
0.987516515113
0 0 0

00000010.jpg
/home/evan/UAV_Photogrammetry_toolkit/output_dir/Final/1440.jpg
1486.9630127
487 274
1.1448300015 -3.0493621348 2.8626424616
-2.5082294001 3.4370835234 -0.836178208234
-0.404442284225 -0.360214594871 -0.203188351824
0.958464227942 -0.199413507895 -0.177606691387 -0.100183644443
0.916838748538 0.262879169411 -0.300503216215
-0.121210588284 0.900395231659 0.417848059402
0.380415425137 -0.346674796141 0.857380724783
0.816460784879
0 0 0

00000011.jpg
/home/evan/UAV_Photogrammetry_toolkit/output_dir/Final/1800.jpg
2471.44238281
487 274
-5.86291141968 0.776299999498 6.40278924241
7.50718994834 -0.0525488817885 -4.42846854948
-0.0132113916244 0.293789791018 -0.096695139257
0.988044663727 -0.00657935033284 0.146309034981 -0.0481547451428
0.952550105072 0.0932326870115 0.289753413991
-0.0970834688744 0.995277518495 -0.00108948788924
-0.28848603108 -0.0270922558379 0.957101406511
2.31061401708
0 0 0

00000012.jpg
/home/evan/UAV_Photogrammetry_toolkit/output_dir/Final/1950.jpg
2488.73413086
487 274
-6.32045419974 0.740597497518 6.78079679385
7.9266890144 0 -4.86244677611
-0.022803554121 0.268686280787 -0.0846354464288
0.990032431118 -0.0113638691613 0.133896484912 -0.0421770279545
0.960585841123 0.0804698441388 0.266082302605
-0.0865566579539 0.99618554206 0.0112062486853
-0.264165147296 -0.0337961473653 0.96388547548
2.36377260556
0 0 0

00000013.jpg
/home/evan/UAV_Photogrammetry_toolkit/output_dir/Final/1920.jpg
2477.1550293
487 274
-6.59910492401 -0.418349936467 6.83612359548
8.07572033493 0.0274353223904 -5.0237168897
-0.0452521533269 0.244198042735 0.089538718169
0.991300454861 -0.0225604263396 0.121744746943 0.0446394592805
0.966371490161 -0.0939954480495 0.239357073888
0.0830090171087 0.994996398646 0.0555974239963
-0.243385418198 -0.0338592195729 0.969338478427
2.12523928635
0 0 0

00000014.jpg
/home/evan/UAV_Photogrammetry_toolkit/output_dir/Final/1890.jpg
2366.67626953
487 274
-6.56708343468 -0.470796681288 6.18436978682
7.90729886707 0.0406683929642 -4.36664014345
-0.0339442199338 0.24850029166 0.0838295990513
0.991271585737 -0.0169227013042 0.123888432787 0.0417927785045
0.965811127052 -0.0870489221452 0.244200030517
0.0786630531368 0.995935251904 0.043905306953
-0.247028302378 -0.0231946648743 0.968731047803
2.20062917741
0 0 0

00000015.jpg
/home/evan/UAV_Photogrammetry_toolkit/output_dir/Final/1860.jpg
2397.12524414
487 274
-6.90182060528 -0.75664495155 6.25569102519
8.31670065633 -2.22044604925e-16 -4.26306782651
-0.0370985065202 0.258198991886 0.124386203659
0.98957893446 -0.0184847740557 0.128650732175 0.0619769119015
0.959216529676 -0.127418213586 0.252329116124
0.117905972176 0.991634758721 0.0525311193123
-0.256911101731 -0.0206374527429 0.966214581712
2.24188299571
0 0 0

00000016.jpg
/home/evan/UAV_Photogrammetry_toolkit/output_dir/Final/1980.jpg
2554.27124023
487 274
-6.73996260499 -0.818561541385 6.79758816533
8.17200497502 -0.178209963782 -5.04884728517
-0.0534422242446 0.23054981933 0.175175734056
0.989182788078 -0.0266246931498 0.114858958102 0.0872718198479
0.958382425384 -0.178771484562 0.222585897241
0.166539643748 0.983350397553 0.0727212364316
-0.231880120403 -0.032625516375 0.972197529979
2.54774044854
0 0 0

00000017.jpg
/home/evan/UAV_Photogrammetry_toolkit/output_dir/Final/2010.jpg
2516.98583984
487 274
-7.12750075286 1.00916800561 6.22374187552
8.40252285407 0.0710147104721 -4.46623101842
-0.0128039466351 0.225828257486 -0.129507051939
0.991520231938 -0.00638386731735 0.112594786076 -0.0645703906618
0.966306437139 0.12660817855 0.224104442481
-0.129483216351 0.991580359267 -0.00188097902869
-0.222455591138 -0.0271999134413 0.974562684966
3.17903207268
0 0 0

00000018.jpg
/home/evan/UAV_Photogrammetry_toolkit/output_dir/Final/1380.jpg
1658.52880859
487 274
4.97414638182 -3.34417338438 4.30099755569
-6.33891990407 3.77208017166 -0.117147053785
-0.321089486477 -0.514682145039 -0.0520994090403
0.954018017149 -0.158076394336 -0.253384496047 -0.025649194617
0.870276275552 0.129047756623 -0.475357574557
0.0311685814634 0.948708519939 0.31461372485
0.491575923423 -0.288617188281 0.82161671269
0.886324927005
0 0 0

00000019.jpg
/home/evan/UAV_Photogrammetry_toolkit/output_dir/Final/1710.jpg
82.2176895142
487 274
-0.179230729627 -2.01151195269 -9.36891833793
0.11652177381 -0.577939862206 9.56594573521
-0.273204498099 -0.00143172207591 -0.105769737187
0.989290391304 -0.136114247776 -0.000713303678172 -0.052695941373
0.994444884004 0.104457313485 0.0129340366936
-0.104069040359 0.957392086661 0.26938824282
0.0157566945932 -0.269237826959 0.962944942642
-0.00770773628012
0 0 0

00000020.jpg
/home/evan/UAV_Photogrammetry_toolkit/output_dir/Final/1830.jpg
2690.56396484
487 274
-6.46138775518 -2.30149339348 7.42365522828
8.46325374895 -0.0655865981627 -5.52504181224
-0.122314637525 0.230948292096 0.416899303823
0.969889466252 -0.0605422511666 0.114312806623 0.206353244991
0.888701755414 -0.414121072767 0.196755343643
0.386438281809 0.907506076414 0.164616239717
-0.246727804363 -0.0702609269613 0.966534475158
2.94821455034
0 0 0

00000021.jpg
/home/evan/UAV_Photogrammetry_toolkit/output_dir/Final/1470.jpg
61.444278717
487 274
0.323728391661 -3.55846852036 -9.40846519609
-0.0593928176525 0.633616031044 10.043994512
-0.297509513597 -0.0368213418456 -0.0457177555461
0.988527229947 -0.148185444127 -0.0183402097929 -0.0227713925117
0.998290469778 0.0504557150875 -0.0295108343008
-0.0395848511591 0.955045016101 0.29380597813
0.0430083528319 -0.292135408275 0.955408851506
-0.00719969075442
0 0 0

