# Bundle file v0.3
17 1426
1259.5411377 0 0
0.993435409498 -0.0720934719832 -0.0888216396297
-0.0647480490806 -0.994447284887 0.0829789613959
-0.0943106099633 -0.0766832943909 -0.992585214924
1.84928616538 -0.24299884841 4.67040454036
1287.18566895 0 0
0.987955147949 0.0243321461504 -0.152817485683
0.0414691986103 -0.993070456245 0.109977216352
-0.149082459193 -0.114989647748 -0.982116348994
2.99236557973 -0.411271182587 4.18498721736
1272.71740723 0 0
0.990200468862 0.0873682391021 -0.108954835175
0.10063212291 -0.987310045005 0.122860445929
-0.0968378890448 -0.13262071933 -0.986426801158
2.58335003655 -0.392671264169 4.6180818428
1254.86523438 0 0
0.951463995967 0.283484358282 -0.11980399779
0.295321473196 -0.950544550963 0.0961825282499
-0.0866125716872 -0.126894808805 -0.988128420544
2.12484066837 -0.599484343432 6.77645263726
1265.69287109 0 0
0.988133293998 0.0681316273849 -0.137672244229
0.0704666570269 -0.997443392431 0.0121497813636
-0.13649227808 -0.0217072345551 -0.990404558759
3.19282348373 0.00954542409509 6.11698257015
1196.94189453 0 0
0.854949458825 0.178034456923 -0.4872001725
0.179853271567 -0.982732754036 -0.0435032990633
-0.486531898257 -0.0504314326328 -0.872205575308
6.41639029689 0.974364554577 3.69159215796
1384.26281738 0 0
0.966893393048 0.248648909627 0.0573898515871
0.238177250057 -0.960060263137 0.146831417491
0.0916067876347 -0.128301024089 -0.987496530012
-2.86096107163 -1.50976449835 5.75277104166
1364.71679688 0 0
0.998610156018 0.041309156649 0.0327825209248
0.0369607093042 -0.99163557279 0.123671613944
0.0376170900296 -0.122287974338 -0.991782371136
-3.52491830181 -0.700437658687 5.61740958073
1255.65332031 0 0
0.859589326908 -0.0118232662187 -0.510849919117
0.0630779334577 -0.989632209785 0.129043799812
-0.50707769266 -0.143148141852 -0.849930248973
9.07026264246 -0.364385659933 3.14784449125
1322.62011719 0 0
0.992921806652 -0.0560020592269 0.104739308399
-0.0657579422067 -0.99357362906 0.0921385334375
0.0989060613354 -0.0983736665285 -0.99022278733
-4.82122360069 -0.0264384865839 5.91211300876
1527.69421387 0 0
0.982362262549 0.0378019990443 0.183127093328
0.0253417277628 -0.99723218603 0.0699111196127
0.185262750194 -0.0640371437446 -0.980599791388
-7.56477954345 -0.292098419953 4.50074113268
1730.57287598 0 0
0.980682953698 0.116138069011 0.1573962977
0.0957059909864 -0.986659285279 0.131715276401
0.170593193323 -0.11410664036 -0.978712824818
-8.64359900107 -1.10080712286 0.698459812403
1562.71496582 0 0
0.99989397279 0.0145410853485 3.46944695195e-18
0.0143206709148 -0.984697752629 0.173679480492
0.00252542318931 -0.173660947961 -0.984802074322
-5.88941705545 -0.905523105766 3.67723455864
1650.88891602 0 0
0.991909167236 -0.05507699566 0.114381553275
-0.0700156252988 -0.988907848854 0.130991691476
0.105898003269 -0.13794030815 -0.984763535952
-8.55123405187 0.295699176328 1.29695276343
1719.3840332 0 0
0.994158687187 0.0967011572457 0.0479280524361
0.0898123961398 -0.9875074329 0.129471746773
0.0598494555669 -0.124410848117 -0.990424196886
-8.42588775919 -1.03866466121 1.69490256999
1702.41699219 0 0
0.978954801881 0.202421033732 -0.0259494220428
0.204067390586 -0.972239027218 0.114490930532
-0.00205371487591 -0.117376848693 -0.993085860393
-8.13314760438 -1.96125951444 2.21927458544
6907.87255859 0 0
0.955289489076 0.00712603525133 0.295586102102
-0.0420813943055 -0.986255843173 0.159777133474
0.292661895855 -0.165072015894 -0.941859889811
-7.56106059057 -0.953703643978 -32.8210204843
0.4116745976 1.70232899277 14.633889733
138 86 93
3 0 2 103.820007324 -92.9894104004 1 1 145.168457031 -58.1285400391 2 1 193.646972656 -28.9511108398
0.283235798378 1.74132619697 14.4775711186
127 81 85
2 0 3 90.8977661133 -101.078369141 1 2 136.750427246 -65.7049560547
-1.10820877282 2.95292851867 15.3241071947
155 173 203
3 0 6 -95.0842285156 -212.53515625 1 4 -41.3130493164 -194.659362793 2 4 7.06134033203 -178.835693359
0.252515718329 2.82230584313 14.9443074129
155 172 200
3 0 10 67.9675292969 -215.58581543 1 6 120.33416748 -181.578918457 2 9 169.93951416 -155.971130371
-6.25420631906 2.83885250847 21.5502806652
136 149 178
3 0 11 -457.716522217 -61.1732788086 1 8 -459.623168945 -78.7620544434 2 6 -408.268707275 -86.090637207
-1.30373077519 2.12998626064 15.1730410654
150 96 101
3 0 14 -112.966430664 -121.588897705 1 12 -66.4028320312 -108.144714355 2 11 -21.4940185547 -91.9629211426
-2.29907238649 2.89001244899 15.7665420876
153 168 195
3 0 15 -225.834503174 -184.136535645 1 14 -178.107940674 -181.576477051 2 12 -131.400756836 -172.805175781
-1.27932148549 2.18056494997 15.2421489929
134 82 89
5 0 17 -111.308654785 -125.323852539 1 15 -65.2945556641 -112.198760986 2 13 -19.1636962891 -95.9109191895 3 10 -42.5828857422 -227.472900391 5 12 -214.421508789 -261.378173828
1.69609992695 0.540113685358 15.2003975628
150 100 112
3 1 2352 264.632141113 89.0414123535 6 1219 -30.8209838867 91.3141479492 7 1046 -186.88583374 100.576202393
1.63341452154 1.11099172448 15.305190536
144 91 102
4 0 24 231.699523926 -22.6684570312 1 24 255.296936035 27.6239929199 2 23 299.073913574 65.3687438965 4 19 352.74798584 -103.13873291
0.753731521518 1.93731003533 15.0824191795
145 91 97
2 1 2789 170.895141602 -74.2854919434 6 1856 -114.903869629 -143.097076416
2.08329800729 -0.806267840181 15.5925009431
118 79 102
2 0 28 284.051635742 188.292129517 1 20 282.669250488 233.776046753
3.18314030931 0.337119838839 15.1106122488
136 85 92
4 0 30 402.364501953 51.6082458496 1 28 408.611694336 113.812286377 2 24 448.111694336 156.677200317 3 15 454.420288086 194.069580078
0.690514303888 1.57701738329 15.205955161
146 94 98
5 0 32 126.716430664 -70.0201416016 1 26 160.156005859 -32.0777282715 2 26 205.560791016 -1.32922363281 3 17 202.114013672 -62.9743652344 5 22 -14.5938720703 -131.769042969
0.693283209284 1.57264874158 15.2146508116
146 94 98
5 0 33 126.716430664 -70.0201416016 1 27 160.156005859 -32.0777282715 2 27 205.560791016 -1.32922363281 3 18 202.114013672 -62.9743652344 4 21 251.236816406 -173.051940918
1.17237972207 2.6307009167 15.1902567214
153 168 195
6 0 36 167.967041016 -193.253540039 1 30 211.281494141 -145.362060547 2 28 262.204589844 -115.510131836 3 25 296.223815918 -176.292114258 5 25 56.3541259766 -233.805786133 8 37 261.844543457 -105.11541748
2.4358950377 1.23157466158 15.2471332994
128 79 88
8 0 37 314.453796387 -44.0061340332 1 37 335.329650879 13.9680786133 2 36 381.023193359 54.6942138672 3 32 398.470092773 56.0906677246 6 11 102.008911133 21.0751037598 7 11 -77.8584594727 9.15670776367 9 13 -127.45904541 0.632843017578 16 15 -105.937561035 25.3295593262
1.58045318877 1.60846226865 15.2802345514
139 89 100
6 0 38 222.516601562 -77.5596313477 1 33 252.340270996 -27.1449890137 2 30 298.178649902 2.95297241211 3 24 309.429382324 -26.3341369629 5 26 69.2336425781 -110.947937012 4 26 349.448547363 -164.475219727
0.225883295243 2.06574590725 14.9934669935
70 57 71
4 0 39 71.349609375 -126.889251709 1 25 117.418884277 -95.2160339355 2 34 161.82824707 -67.3648681641 4 41 201.682128906 -253.692687988
2.38693827564 0.253982547771 15.1179663339
129 77 87
4 0 40 325.048583984 68.5892333984 1 42 334.688781738 120.409744263 2 43 373.132568359 164.232894897 3 33 366.914428711 181.585968018
1.96285586596 2.56335119831 15.2124002375
139 152 179
6 0 45 251.738525391 -187.211791992 1 62 289.111755371 -129.383056641 2 55 340.574768066 -94.9524230957 3 49 385.612548828 -130.400482178 4 45 391.551269531 -272.432373047 5 45 124.957763672 -201.345581055
4.79669618129 1.36803109555 15.0659806107
119 75 80
2 0 59 534.047363281 -68.4881591797 1 73 539.200439453 8.50524902344
4.46767696805 2.60608747782 15.3726398999
140 155 186
8 0 62 476.944946289 -184.81463623 1 66 497.594726562 -107.929718018 2 64 550.270629883 -60.3800048828 6 24 410.26574707 -97.9122009277 12 18 -179.810913086 -97.5938720703 11 21 -185.869995117 -150.257141113 14 48 -351.866851807 -141.796478271 15 39 -410.460968018 -204.69921875
2.17180263156 -1.64117680485 19.0042280802
250 251 254
2 0 1873 206.182067871 239.729492188 5 1678 -108.294799805 181.593688965
2.93682358728 2.50221613886 15.2741252733
136 151 181
5 0 80 348.278869629 -177.980834961 1 103 377.235351562 -114.139434814 2 92 428.287841797 -73.1614990234 3 77 480.656005859 -80.9089660645 5 77 201.090087891 -169.138244629
-0.968561773207 3.35442169179 15.1632202325
185 203 230
4 0 86 -80.9324951172 -261.558227539 1 89 -23.0914916992 -241.975158691 2 76 30.7428588867 -224.983459473 8 68 57.5799560547 -227.926818848
-7.56349335004 3.53245205318 20.601635402
139 156 148
2 0 87 -557.379333496 -109.931884766 1 65 -550.575805664 -145.659423828
0.898316005698 0.981748318357 15.1725087503
152 105 116
5 0 88 156.213745117 -3.08831787109 1 104 183.61517334 37.0410461426 3 67 209.49786377 27.1416931152 5 118 -4.20135498047 -58.934967041 4 71 276.093200684 -94.7114257812
0.245143378244 1.42006607665 15.2734679352
38 28 43
6 0 90 74.3490600586 -49.3382568359 1 125 108.761047363 -15.6893005371 2 117 152.446411133 13.4920959473 3 74 134.629943848 -58.5833129883 4 69 193.450012207 -162.995117188 5 130 -68.0081176758 -125.454559326
-2.53345113749 2.0924531866 15.1933981491
132 83 89
2 0 5470 -255.515594482 -106.176513672 3 5914 -216.761413574 -268.45135498
-4.23791144217 3.5577410825 18.6064709947
144 153 154
3 0 92 -366.827209473 -168.272033691 1 102 -342.481750488 -179.681213379 2 85 -292.737701416 -180.340881348
2.5084194828 2.6309793754 15.2673762682
134 150 177
10 0 94 306.371032715 -191.378845215 1 112 339.187011719 -131.753265381 2 120 390.487304688 -93.0224304199 3 90 441.759277344 -114.551544189 4 99 441.048217773 -265.254882812 5 96 168.46875 -193.398071289 6 56 156.221740723 -172.837646484 7 75 -56.5590820312 -183.337280273 9 69 -122.403747559 -197.235961914 16 66 -92.6610717773 -175.515930176
-0.0559728452434 3.26138303559 15.1094615348
170 186 214
4 0 95 24.7719726562 -257.653869629 1 108 80.8209228516 -227.854492188 2 108 135.320861816 -205.873718262 9 135 -450.678649902 -240.098510742
3.29532483458 2.37186053091 15.326800739
53 44 62
7 0 100 382.598266602 -162.917053223 1 119 407.592895508 -96.8192443848 2 113 458.307861328 -53.764465332 3 89 509.330810547 -50.9959411621 4 70 509.403686523 -221.466308594 5 97 223.65814209 -146.186706543 6 45 255.905029297 -107.186340332
1.74751004659 1.16625321293 15.0967105541
135 82 96
3 0 101 250.369445801 -30.3301086426 1 131 274.019165039 17.5686950684 2 123 319.039550781 56.5248718262
1.14421786806 2.13198568998 15.3553131216
53 48 72
4 0 105 166.254699707 -132.805938721 1 99 204.323425293 -89.1270751953 2 101 253.209533691 -55.5707397461 3 78 270.906494141 -110.942138672
1.10358403707 2.10770614278 15.2049145171
53 48 72
5 0 106 166.254699707 -132.805938721 1 100 204.323425293 -89.1270751953 2 102 253.209533691 -55.5707397461 3 79 270.906494141 -110.942138672 4 62 301.265258789 -239.030883789
1.46308922944 2.63636717503 11.8351135824
137 152 141
2 0 107 322.059692383 -309.087646484 1 96 395.678344727 -244.75592041
-9.35997954974 3.06548351032 22.4415947693
122 134 171
2 0 110 -615.537475586 -52.9939880371 1 95 -621.538391113 -88.4216918945
-0.25046504176 2.44565189596 15.1989332038
44 44 75
10 0 111 9.17102050781 -163.935058594 1 136 55.7028808594 -136.218170166 2 127 104.679077148 -113.195800781 3 118 108.294311523 -220.533508301 4 72 137.045593262 -303.387695312 5 117 -93.8537597656 -258.233520508 6 82 -223.784057617 -233.798156738 7 127 -411.432312012 -162.107788086 9 124 -471.134216309 -133.894104004 16 119 -439.362182617 -125.05770874
-0.248951546078 2.44867322175 15.2063898813
44 44 75
9 0 112 9.17102050781 -163.935058594 1 137 55.7028808594 -136.218170166 2 128 104.679077148 -113.195800781 3 119 108.294311523 -220.533508301 4 73 137.045593262 -303.387695312 5 116 -93.8537597656 -258.233520508 6 81 -223.784057617 -233.798156738 8 144 132.03326416 -103.943359375 16 118 -439.362182617 -125.05770874
0.841962818484 2.1493814244 14.9299431341
146 102 108
3 1 204 185.628479004 -100.938720703 4 133 282.005737305 -252.272094727 2 185 233.88684082 -70.7119750977
0.753731521518 1.93731003533 15.0824191795
145 91 97
2 1 2788 170.895141602 -74.2854919434 6 1855 -114.903869629 -143.097076416
-4.90428023416 3.33847799184 16.128025804
90 118 105
3 0 125 -476.629699707 -192.756958008 1 141 -435.013458252 -221.326965332 2 149 -386.799804688 -228.715759277
-4.90428023416 3.33847799184 16.128025804
90 118 105
3 0 126 -476.629699707 -192.756958008 1 142 -435.013458252 -221.326965332 2 150 -386.799804688 -228.715759277
-0.24692204094 3.38115008291 15.1755318011
77 83 117
3 0 127 1.05230712891 -268.936584473 1 198 58.2255859375 -237.970153809 2 171 112.699401855 -217.045410156
-0.248709331415 3.38743298339 15.1724436949
77 83 117
8 0 128 1.05230712891 -268.936584473 1 199 58.2255859375 -237.970153809 2 170 112.699401855 -217.045410156 7 136 -396.168365479 -279.59777832 9 140 -469.592102051 -251.685791016 11 285 -603.227172852 -245.836975098 10 189 -589.215026855 -313.313415527 16 146 -432.860961914 -244.452026367
-6.8219903466 3.2449763909 21.5094149967
153 166 195
4 0 137 -493.218933105 -85.484375 1 152 -491.892456055 -109.370117188 2 143 -443.233551025 -117.213195801 3 125 -461.873962402 -279.393798828
4.10595606909 2.38469199379 15.3548825591
48 48 71
13 0 138 451.191650391 -164.660766602 1 171 470.457885742 -92.5093383789 5 170 280.380432129 -127.396820068 6 70 360.726989746 -81.5778503418 7 100 161.985168457 -139.954498291 9 79 104.59979248 -178.555969238 10 77 -92.6517944336 -223.468139648 11 115 -231.777069092 -124.664916992 12 80 -224.993469238 -66.831237793 13 120 -329.662322998 -37.9421386719 14 149 -392.012329102 -120.717163086 15 145 -451.103759766 -188.601074219 16 77 132.203918457 -148.588989258
4.10273384932 2.39006587232 15.3701797132
48 48 71
16 0 139 451.191650391 -164.660766602 1 172 470.457885742 -92.5093383789 2 240 522.718505859 -46.6324768066 3 142 577.290405273 -23.0924377441 4 111 574.390258789 -207.850280762 5 171 280.380432129 -127.396820068 6 71 360.726989746 -81.5778503418 7 99 161.985168457 -139.954498291 9 80 104.59979248 -178.555969238 10 76 -92.6517944336 -223.468139648 11 114 -231.777069092 -124.664916992 12 81 -224.993469238 -66.831237793 13 119 -329.662322998 -37.9421386719 14 148 -392.012329102 -120.717163086 15 144 -451.103759766 -188.601074219 16 78 132.203918457 -148.588989258
-8.85704703664 3.31943199358 22.1644215496
55 62 111
4 0 142 -596.759765625 -72.5814208984 1 164 -597.231140137 -107.206665039 2 139 -551.408691406 -123.415771484 3 171 -565.965148926 -299.569030762
2.04726709412 3.36855478026 15.3183065662
160 175 202
3 0 151 247.466796875 -265.709289551 1 158 290.56060791 -209.084655762 2 162 345.838867188 -175.061706543
1.13953219535 1.09918700599 15.2964690053
77 75 113
6 0 164 177.779968262 -16.4893493652 1 233 204.928405762 24.8810119629 2 242 247.376953125 59.0336608887 3 145 240.325866699 25.1331481934 4 125 298.257141113 -107.558135986 5 190 16.0568237305 -65.9008178711
3.78994730479 0.434979834879 15.4267281698
106 62 69
3 0 166 442.015380859 36.666229248 1 173 445.252075195 102.635131836 3 130 497.955932617 198.363098145
1.14681014475 1.39843208456 15.3569428102
31 23 36
4 0 169 175.418029785 -49.9013366699 1 220 203.339416504 -7.47897338867 2 207 248.641479492 26.6322631836 3 133 248.679321289 -15.9989318848
-5.23820863259 3.38405807816 21.2973918666
145 157 187
5 0 175 -396.810455322 -108.086090088 1 177 -391.378936768 -120.071868896 2 184 -341.429351807 -121.246459961 3 144 -356.708862305 -266.764892578 4 107 -371.717315674 -275.627807617
1.95799951287 2.09993044385 14.9072284151
102 65 83
2 1 23 302.888061523 -85.784942627 4 23 407.659667969 -224.801818848
-1.02176076552 2.48754278639 15.1932667171
159 176 205
10 0 181 -82.1203613281 -164.64050293 1 223 -33.239074707 -146.380126953 2 228 13.9468383789 -128.842224121 3 149 5.09564208984 -260.003295898 4 108 39.4476318359 -320.987731934 5 154 -176.376953125 -288.439025879 6 131 -316.950408936 -255.645996094 7 187 -495.827697754 -165.85546875 8 200 51.0330200195 -120.417266846 16 184 -519.991821289 -120.974304199
-1.92214323495 2.49840873806 15.2510977487
151 166 195
9 0 182 -188.361450195 -157.877502441 1 255 -138.750396729 -151.277648926 2 217 -91.56640625 -140.462341309 3 151 -117.541564941 -296.059143066 4 97 -84.3653564453 -333.867492676 5 205 -278.963195801 -314.536621094 6 163 -413.914245605 -270.83605957 7 255 -581.028259277 -161.265319824 8 220 -54.977355957 -132.845947266
2.89920600932 1.3883529128 15.4016991383
29 13 33
5 0 194 352.370544434 -59.1755981445 1 356 370.660766602 2.62713623047 2 280 417.497436523 43.7770080566 3 232 442.602294922 55.0116882324 4 252 474.600341797 -114.58605957
0.250324115666 3.42320713859 15.2847551056
157 173 198
3 0 195 55.5720825195 -270.710632324 1 211 108.859069824 -235.079956055 2 211 165.99420166 -210.625488281
-3.03550064652 3.44261859109 15.4809038594
153 166 195
3 0 204 -308.656982422 -242.519042969 1 186 -253.650787354 -248.970153809 2 174 -203.64050293 -247.159179688
3.53308952904 1.62406535163 15.2300716551
151 108 121
2 6 1574 268.651123047 1.02362060547 9 1360 28.1600952148 -68.6940307617
2.82683213173 -0.0076076830955 15.3525617905
43 31 46
4 0 219 360.738769531 93.2480773926 1 291 364.317199707 149.118225098 2 275 401.912231445 193.09211731 3 178 392.907836914 227.512573242
-5.52149809885 3.54411608654 21.0844575811
61 70 100
3 0 222 -418.796569824 -120.392028809 1 300 -411.563079834 -135.329376221 2 276 -360.873199463 -137.828033447
-5.54072968404 3.56556870037 21.1793462459
61 70 100
4 0 223 -418.796569824 -120.392028809 1 299 -411.563079834 -135.329376221 2 277 -360.873199463 -137.828033447 3 165 -374.046417236 -287.578918457
-5.27825050288 3.06475944185 21.5323579591
144 158 186
4 0 227 -395.938110352 -81.1168212891 1 238 -392.986633301 -96.6343383789 2 227 -344.449127197 -95.5384521484 3 187 -366.33416748 -237.974853516
-8.19959947762 3.39415647049 21.8830952731
69 77 116
5 0 228 -566.416015625 -84.244140625 1 244 -565.195373535 -115.732666016 2 258 -518.603149414 -129.525238037 4 122 -558.889343262 -265.822143555 3 204 -532.833618164 -302.385803223
-3.43591138253 3.32274111418 16.0029597326
108 126 117
3 0 232 -340.92401123 -212.067443848 1 169 -293.656005859 -221.658447266 2 176 -244.736999512 -220.540771484
-0.39422122549 2.53234397682 15.1693364322
127 142 172
10 0 237 -7.84613037109 -173.828613281 1 365 41.5756225586 -145.403137207 2 273 89.8912963867 -126.107910156 3 140 92.9999389648 -240.552429199 5 176 -105.092895508 -274.928771973 6 117 -239.4375 -250.628540039 7 219 -426.483978271 -174.344787598 8 302 118.968383789 -115.741485596 9 188 -488.292907715 -142.975311279 16 200 -455.958312988 -135.000762939
-0.593028701474 2.46025392511 15.1858205167
144 161 188
11 0 244 -30.7603759766 -165.115661621 1 321 17.5466918945 -140.4012146 2 234 64.1649780273 -121.39453125 3 166 60.9028930664 -238.833679199 4 161 93.5858154297 -311.424133301 5 224 -128.705566406 -270.726867676 6 139 -265.256622314 -243.958007812 7 268 -450.766357422 -162.923339844 8 281 98.1793823242 -111.248413086 9 203 -509.642181396 -131.310516357 16 237 -474.880126953 -122.68145752
0.682336350041 2.23051174698 15.0787385406
151 97 105
9 0 245 120.5 -147.447021484 1 286 161.864074707 -108.487548828 2 261 212.922546387 -77.4692077637 3 167 227.9765625 -152.529296875 4 156 256.566467285 -262.480651855 5 203 4.95208740234 -208.094665527 6 123 -111.819519043 -184.754333496 7 168 -307.64074707 -139.691986084 8 262 232.300292969 -69.7272949219
-1.81589930031 3.36208600803 14.9807390317
154 172 197
3 0 248 -179.00958252 -261.264404297 1 246 -117.034606934 -253.902038574 2 237 -66.6213989258 -243.982788086
-3.44745677949 3.60971503723 17.6315666757
136 150 151
3 0 251 -315.731292725 -200.365112305 1 303 -280.723083496 -205.667602539 2 268 -232.45892334 -201.255493164
-6.35954241168 3.3392552934 21.5121318283
152 165 197
5 0 255 -465.138946533 -95.1334228516 1 287 -462.826538086 -114.670440674 2 266 -412.967498779 -120.986602783 3 195 -429.720458984 -278.250915527 4 158 -447.126586914 -270.104614258
-2.35841042834 1.20738011357 15.3796068063
116 67 75
2 0 257 -229.117584229 -1.94311523438 1 260 -195.847869873 -1.75897216797
-2.35880081676 1.20486115582 15.3631710712
116 67 75
3 0 258 -229.117584229 -1.94311523438 1 261 -195.847869873 -1.75897216797 3 155 -234.831848145 -139.588226318
-5.72798475865 1.88050079545 26.0898262223
35 45 56
2 0 260 -359.82333374 25.2604064941 1 357 -382.914794922 19.3796386719
-5.09585677139 0.755524577818 24.1932218368
19 29 45
5 0 261 -342.024688721 83.5448913574 1 252 -367.18661499 81.6511230469 2 251 -323.022583008 85.5983276367 3 190 -378.903015137 -33.7917175293 4 160 -352.209014893 -55.8518981934
-6.22127054406 1.32595983575 25.1239284394
12 17 34
5 0 270 -396.902770996 53.9089660645 1 272 -419.423522949 46.011138916 2 306 -375.282775879 47.3757629395 3 209 -419.287963867 -82.6755065918 4 155 -408.475189209 -93.5034484863
2.00502255468 1.40042058289 15.3509314693
31 18 41
4 1 267 290.049194336 -3.35317993164 2 256 336.149902344 35.1618347168 3 157 350.544128418 18.3695373535 4 152 390.354614258 -131.156036377
0.155185118724 3.21051376591 15.1686608722
145 160 187
3 0 272 48.1193237305 -253.277160645 1 221 102.733032227 -216.349121094 8 214 170.169433594 -188.206054688
-6.05748058528 -1.34712812707 26.1868852889
83 111 163
5 0 276 -363.268463135 206.878875732 1 319 -404.064453125 204.301422119 2 330 -368.028442383 204.806411743 3 208 -443.352752686 86.566192627 4 187 -398.088134766 77.7692565918
-0.273246711592 -2.03439217335 18.1839324077
130 130 175
5 0 292 11.8249511719 304.074127197 1 225 -10.1063232422 328.475219727 3 154 -96.9584960938 323.966949463 4 121 28.9728393555 235.014953613 5 156 -289.984313965 204.729888916
-2.15645196714 1.67642636244 15.2826636958
104 67 78
5 0 301 -209.609741211 -59.1921081543 1 351 -168.514587402 -57.8994445801 3 192 -186.182342529 -197.980041504 6 231 -469.818878174 -177.800537109 8 236 -85.6832885742 -26.1172180176
-2.14963025813 1.67281676657 15.2766421086
104 67 78
9 0 302 -209.609741211 -59.1921081543 1 350 -168.514587402 -57.8994445801 2 361 -129.151733398 -45.2507019043 3 193 -186.182342529 -197.980041504 4 168 -124.34564209 -227.153015137 5 237 -332.266418457 -222.384765625 6 232 -469.818878174 -177.800537109 7 289 -614.21875 -65.409362793 8 235 -85.6832885742 -26.1172180176
-4.87444587098 3.08819625145 14.5485126866
154 165 163
2 0 303 -522.594482422 -207.208557129 1 364 -465.451477051 -244.265441895
4.29622501347 2.13313111231 15.2024474597
147 100 110
2 6 1284 384.618530273 -44.3180541992 10 962 -73.7347412109 -190.807983398
2.16289714744 1.4633859213 15.2745889108
147 103 110
2 6 1148 69.6953735352 -22.4231262207 9 1307 -165.768707275 -31.6474914551
-1.27627974579 -1.88659414434 17.3540458671
145 155 201
4 0 308 -80.9375 309.054962158 1 265 -96.5388793945 325.990570068 2 333 -72.5165405273 345.203796387 4 87 -65.4074707031 228.367584229
-6.36904618766 3.50457251997 21.2308478581
57 62 94
5 0 311 -471.340637207 -110.149688721 1 396 -464.733093262 -130.871459961 2 293 -416.873016357 -137.427764893 3 194 -430.309509277 -296.145141602 4 283 -450.203491211 -286.465209961
3.22892239082 -2.15131434636 18.0936866554
206 194 242
2 0 5644 314.01385498 276.637969971 4 3889 353.969543457 247.077606201
0.563470756906 1.97026493705 15.210948656
115 63 68
3 0 326 106.563415527 -114.558898926 1 461 145.859191895 -77.0890197754 3 291 200.480407715 -120.151702881
-0.0853681509278 2.4173801837 15.2068253005
67 59 79
8 0 327 27.5791015625 -161.115783691 1 398 73.703125 -131.41104126 2 388 124.779968262 -107.331115723 3 261 129.916625977 -209.824707031 5 301 -76.8890380859 -250.246154785 7 322 -391.384857178 -159.916809082 9 289 -451.331970215 -132.771179199 16 249 -422.982025146 -122.390014648
3.68238811213 1.33815137128 15.2706864209
21 14 33
2 0 328 431.146606445 -58.526184082 1 552 443.451416016 9.99313354492
-0.732470852574 3.4256549291 15.1877618849
175 190 215
3 0 331 -54.4806518555 -269.750183105 1 392 4.47344970703 -247.208374023 2 321 57.0112915039 -228.628173828
-7.23073343358 2.99206208938 21.6903590842
144 158 193
6 0 348 -513.987243652 -65.0549316406 1 380 -514.894836426 -89.9529418945 2 393 -468.809814453 -100.515258789 4 222 -506.586608887 -240.637756348 3 259 -491.270568848 -263.685058594 6 307 -565.773498535 -211.158508301
-5.80539797852 -1.57486364686 25.8870037449
254 253 254
5 0 352 -352.590911865 220.179946899 1 322 -393.585754395 219.518753052 2 357 -358.276428223 220.218414307 3 225 -437.875518799 105.195144653 4 220 -386.796325684 93.9479064941
3.07131357254 -1.83165449771 18.8916259422
149 179 227
2 0 355 280.409790039 247.096282959 1 337 254.104675293 295.8671875
3.77258404925 2.20474130827 15.3653142827
49 34 49
5 0 356 424.935180664 -145.086486816 1 514 444.842895508 -76.5070800781 2 452 495.675048828 -30.1301574707 4 387 550.295410156 -194.552734375 3 350 545.931030273 -12.2034301758
0.486297675244 -1.02865640491 15.8980126239
165 155 201
2 2 1281 138.314880371 289.173034668 4 778 179.231994629 162.233703613
-3.00886615914 3.50485670298 15.1812529612
78 105 96
3 0 387 -310.589447021 -257.387573242 1 415 -251.748168945 -266.272216797 2 472 -200.37286377 -264.144775391
2.87349088932 0.678235854766 15.3933302205
158 115 119
2 7 1679 -17.3461914062 89.9418029785 10 1251 -277.473236084 26.4625549316
-4.47120938951 -0.0925670559984 24.995215253
29 40 62
4 0 399 -294.300384521 134.902816772 1 410 -325.316467285 139.422866821 2 463 -282.603790283 144.605926514 4 230 -312.270904541 5.4541015625
-0.343755797795 3.12432821702 15.1462794028
157 175 204
9 0 401 -7.83581542969 -240.106872559 1 414 46.1098632812 -212.793579102 3 242 120.46295166 -308.997192383 6 244 -209.998931885 -318.595031738 7 352 -412.262695312 -246.785583496 5 365 -81.857421875 -335.329223633 9 366 -481.981201172 -218.688354492 10 429 -603.420959473 -283.42401123 16 286 -447.340454102 -216.314086914
-4.90911021276 0.687793647714 24.6386420912
36 41 56
2 0 5302 -326.151824951 88.6297302246 1 4839 -351.202056885 88.7109375
4.02178259058 2.23985673809 15.2857247972
114 75 79
7 0 419 450.104125977 -150.000366211 1 493 468.964233398 -78.2976074219 2 543 520.192749023 -32.3558959961 3 372 572.908691406 -8.78756713867 4 596 573.594970703 -195.213745117 6 215 348.853759766 -65.7520141602 7 281 151.468017578 -122.583892822
-5.01354554049 3.06022622064 21.213259349
117 128 167
5 0 432 -383.595672607 -87.3748474121 1 440 -378.904785156 -97.9967956543 2 546 -330.727355957 -96.6129760742 3 309 -350.589813232 -240.898498535 8 341 -555.673217773 -88.7200317383
-1.19117121796 1.60635759983 15.2238034522
133 81 86
2 1 5367 -56.1926879883 -45.9338989258 6 5030 -370.79083252 -148.547515869
-0.656481605422 2.64798347993 11.851830405
134 149 139
2 0 439 -8.19378662109 -310.859680176 1 368 96.5360717773 -282.773254395
-9.16364779064 3.42508800616 22.1994209251
61 72 110
3 0 446 -610.175292969 -76.1988220215 1 407 -613.34576416 -115.151031494 2 490 -566.622253418 -131.157745361
-9.16364779064 3.42508800616 22.1994209251
61 72 110
3 0 447 -610.175292969 -76.1988220215 1 408 -613.34576416 -115.151031494 2 491 -566.622253418 -131.157745361
3.4459386425 1.45235172484 15.0486826754
127 82 91
3 0 451 418.746459961 -70.5860290527 1 554 434.041503906 -6.62316894531 2 528 480.475097656 38.7077636719
4.40353257278 2.11993346213 15.0536635218
55 34 45
2 0 454 493.111694336 -143.768280029 1 582 507.869750977 -68.3489685059
-1.16483831876 1.5788794387 15.2400099516
192 139 149
3 1 2202 -53.1118774414 -42.2384338379 6 4618 -368.366119385 -143.714599609 8 1769 35.0908203125 -4.70318603516
1.4931545577 2.26723753358 15.1266096311
136 89 97
5 0 472 209.862426758 -152.892700195 1 496 246.519348145 -104.134674072 6 225 2.55212402344 -162.653930664 9 316 -264.749664307 -138.493652344 16 297 -235.2996521 -120.14276123
-0.374113774445 2.700146627 15.1866676453
155 170 199
8 0 476 -7.1435546875 -194.000610352 1 495 42.3508911133 -166.981872559 2 502 92.9592285156 -144.956085205 3 288 101.829345703 -257.611694336 6 278 -229.700531006 -269.486633301 9 395 -484.90032959 -163.95300293 10 610 -611.009765625 -232.272644043 11 901 -625.812744141 -178.737182617
-5.76442072591 1.74957144086 24.8173357607
16 16 33
3 0 489 -376.63494873 27.714263916 1 511 -396.798278809 19.9449462891 2 522 -349.895599365 22.2563781738
0.163132582191 1.22580786521 14.8972281271
88 86 121
3 0 499 72.3933105469 -31.9727478027 1 429 109.435668945 3.06396484375 2 440 151.704956055 31.9436950684
-7.45032259201 3.28020988688 21.6772825019
46 49 99
4 0 500 -526.970397949 -80.1760864258 1 539 -526.084228516 -109.749023438 4 492 -517.795288086 -265.084106445 6 568 -570.522827148 -233.172668457
0.995444368373 3.37645799817 14.9426157874
140 149 172
2 1 4990 198.481323242 -232.579650879 6 2319 -28.5238647461 -328.880981445
1.60696679483 0.673426980839 15.2432862624
155 106 115
2 1 3156 254.479125977 74.4486999512 6 1431 -39.5848388672 69.4188232422
0.748790713269 2.09723404599 15.0427981721
124 73 81
9 0 543 130.905578613 -133.099304199 1 538 171.668701172 -93.6639404297 2 521 218.747070312 -62.7205810547 3 300 235.504760742 -132.626647949 4 266 265.141662598 -244.109558105 5 322 12.5221557617 -190.477111816 6 284 -109.922485352 -166.059082031 7 326 -302.260559082 -123.211761475 16 389 -333.27835083 -93.1117248535
4.51215301005 0.0348097398942 15.4366893214
31 19 47
6 0 548 506.665527344 75.0557250977 1 941 500.639160156 143.10043335 2 873 539.899780273 192.303863525 6 164 340.893005371 255.271484375 7 327 202.433776855 185.46913147 16 190 193.407714844 185.760131836
3.08855605043 -0.922356788925 15.7570329951
116 79 101
2 0 555 374.950500488 186.654174805 1 795 366.527770996 239.686584473
4.65179334468 1.97496096903 15.2613738203
107 68 77
2 0 556 506.064453125 -125.889221191 1 751 517.171508789 -49.3633422852
2.84401286438 0.907726735687 15.3676546946
69 64 96
3 0 557 354.510437012 -6.36666870117 1 794 367.602905273 51.9374694824 2 747 410.646728516 96.3741455078
-5.11884237564 -1.55833151978 25.8011120398
95 123 169
3 0 607 -315.525085449 219.491104126 1 713 -355.677825928 222.144180298 3 515 -401.19442749 118.168655396
0.324204552594 0.716868679069 15.4310159398
133 81 86
2 0 609 87.6010131836 35.5659179688 1 776 111.796691895 67.4888000488
0.506088012449 2.71824271949 11.654596361
159 166 160
2 0 619 185.532043457 -333.270812988 1 840 278.649658203 -283.198303223
-7.27842379702 3.48127626126 21.6547206275
73 78 116
5 0 621 -519.011291504 -97.3988647461 1 808 -514.448181152 -123.62890625 2 842 -466.260559082 -133.658050537 3 532 -481.380249023 -299.440002441 6 890 -557.831726074 -243.701599121
-2.49902890151 -1.06886392133 15.4329810873
187 194 239
2 0 1818 -223.61328125 260.865570068 5 1088 -444.390380859 118.34185791
3.39603788818 0.592815242422 15.2810031055
132 83 89
2 1 3545 419.022094727 86.0688781738 6 1551 214.28125 143.66394043
-5.63847745899 2.99969328726 21.4585905017
142 157 187
3 0 649 -420.729980469 -76.5231018066 1 669 -418.539611816 -90.9389038086 3 665 -392.414123535 -242.808532715
-5.49921520718 2.84238210719 21.3328508523
73 85 118
5 0 654 -412.949584961 -67.5134277344 1 583 -411.860168457 -81.0973815918 2 722 -364.300292969 -81.5055847168 3 466 -390.018066406 -230.035827637 4 384 -395.813232422 -237.946289062
-5.03688918169 -1.13671951039 26.189495463
90 110 145
2 0 655 -309.470306396 194.226623535 1 773 -348.764007568 196.453689575
-0.338921053302 3.3081318017 15.128485602
144 159 184
8 0 659 -7.63299560547 -262.66784668 1 505 46.9357299805 -232.49420166 2 648 102.780090332 -212.128417969 3 405 129.2109375 -331.262878418 6 326 -201.591156006 -341.140441895 7 412 -408.176574707 -271.148254395 9 361 -481.696166992 -239.832885742 16 337 -445.530517578 -234.726867676
-5.33768299781 1.27660928997 24.6661308724
15 15 30
3 0 660 -351.530151367 53.6094665527 1 628 -374.626525879 49.5507507324 3 638 -376.953430176 -67.951751709
4.40958704647 0.135187977962 15.3387112985
105 91 118
3 0 663 501.914550781 64.2086791992 1 853 497.246704102 132.093505859 2 775 537.360595703 181.320922852
-8.83033472318 3.11200274187 22.0021460979
61 67 116
3 0 668 -597.838134766 -61.4873657227 1 767 -600.1796875 -98.9067382812 4 372 -597.231323242 -244.539672852
5.26873623305 1.15023746518 15.2174626716
56 46 64
2 0 672 566.311157227 -45.8857421875 1 1106 565.544555664 31.6839294434
0.000520170077893 0.798998870318 15.1766928529
149 92 106
4 0 693 53.8008422852 25.6614990234 1 752 82.2647094727 54.7289123535 3 435 79.5381469727 15.2785644531 5 561 -103.647705078 -57.565032959
-0.43201778932 2.12633435122 15.1319369577
136 87 93
5 0 698 -8.91772460938 -127.366088867 1 748 35.7635498047 -103.889862061 3 412 73.390625 -188.460449219 5 437 -117.389587402 -229.082092285 8 672 120.547790527 -70.8457641602
-0.171496079705 3.42573061078 15.1477326836
73 79 109
6 0 700 9.47766113281 -273.188842773 1 854 67.5054931641 -242.758483887 2 666 121.083190918 -220.690551758 3 491 153.615600586 -336.975769043 6 318 -176.689910889 -350.405273438 7 369 -387.229217529 -284.721740723
5.85134696938 0.92136611758 15.010654644
62 44 55
2 0 701 622.122436523 -28.1891784668 1 1214 615.661621094 52.8264770508
-7.18580884323 3.2595736987 21.350627842
155 163 193
3 0 719 -517.998535156 -86.262512207 1 831 -516.063232422 -113.539855957 2 703 -469.006225586 -122.536376953
-2.12061390707 1.70305489629 15.2631095418
111 75 85
4 0 721 -205.29800415 -63.6473693848 1 630 -165.610656738 -60.7717590332 3 386 -180.312988281 -200.616638184 7 557 -611.768493652 -69.2115478516
0.571945078922 1.7013968908 15.1614131296
133 80 85
6 0 723 111.471008301 -84.1123352051 1 778 148.050598145 -47.7223205566 3 431 193.017089844 -84.5594482422 5 533 -22.6162719727 -150.897338867 6 380 -146.562164307 -113.675994873 8 701 218.855102539 -7.18295288086
-4.26305332404 3.47087570067 15.9120385871
141 162 142
2 0 725 -422.449981689 -218.718383789 1 610 -375.027099609 -240.457092285
5.66432864927 -0.887627947228 15.1730257811
93 63 87
2 0 735 612.533691406 152.197906494 1 817 591.337402344 223.981781006
-9.00666752088 3.18662634409 22.04402029
133 148 185
4 0 736 -605.991760254 -65.5233459473 1 536 -609.296936035 -100.511138916 2 518 -563.958618164 -115.829986572 3 438 -580.806518555 -296.105712891
-6.19926495009 -1.12791101881 26.1931476915
251 253 251
5 0 747 -371.394714355 194.611373901 1 739 -410.944488525 191.391448975 2 600 -375.028808594 191.397415161 3 533 -447.327087402 71.1041259766 4 356 -405.771179199 63.5606689453
-0.911541222758 2.41483379825 15.174233657
134 148 179
3 0 751 -67.7839355469 -157.695007324 1 973 -20.4853515625 -137.755249023 7 581 -485.417663574 -158.53729248
-4.84335782166 0.222424334401 24.6963446001
33 40 56
4 0 759 -318.467590332 116.847717285 1 651 -348.747039795 117.798187256 2 897 -306.142456055 121.576507568 3 598 -368.355773926 9.28790283203
2.08044871663 2.25520481553 15.3493167442
52 28 46
4 0 763 264.547119141 -149.475860596 1 697 295.847106934 -94.7308959961 2 644 347.750915527 -56.3308410645 3 401 382.439941406 -86.1623840332
-5.9212529547 0.462056957604 25.090966807
61 74 93
3 0 767 -377.481079102 105.355300903 1 816 -405.912567139 99.0281677246 2 822 -363.449127197 101.009521484
3.69917337003 0.735097857312 15.3546548364
37 11 27
4 0 771 435.616333008 7.13864135742 1 978 440.735961914 71.8374328613 3 627 503.343017578 159.747772217 2 911 484.018432617 117.693771362
3.6891841899 0.729477218458 15.3342804818
37 11 27
3 0 772 435.616333008 7.13864135742 1 979 440.735961914 71.8374328613 3 628 503.343017578 159.747772217
-6.39825728102 1.15530526805 25.5131420603
29 39 53
3 0 782 -400.677520752 65.3227844238 1 1108 -424.909729004 57.7475280762 3 1091 -427.325805664 -71.0157165527
-2.10364588751 3.47183819813 14.9236995509
85 104 104
3 0 797 -212.771179199 -272.008728027 1 1062 -149.866943359 -268.489807129 8 421 -55.2611694336 -276.271728516
-5.50196522287 0.838840902994 24.611612687
59 69 84
3 0 809 -360.042816162 80.3884887695 1 921 -385.401184082 76.3296813965 3 660 -396.103027344 -43.4005432129
5.15292218335 1.26057651588 15.0567996137
29 14 30
2 0 821 563.789428711 -58.9339294434 1 1044 565.397949219 19.9081420898
0.503926758295 0.862074310995 15.2576689419
149 98 107
4 0 1602 111.024414062 15.0932312012 5 1645 -53.2506103516 -53.6516113281 6 1100 -187.381866455 3.64663696289 3 1649 150.541381836 28.9394836426
5.81584939476 -0.669220566272 15.1586065975
43 22 34
2 0 827 623.211547852 128.531845093 1 1892 603.374511719 203.469741821
1.90822977851 1.00898306225 15.2945091724
69 60 99
2 0 829 262.819885254 -11.1584472656 1 1197 282.99041748 38.0965576172
1.90822977851 1.00898306225 15.2945091724
69 60 99
2 0 830 262.819885254 -11.1584472656 1 1196 282.99041748 38.0965576172
2.60995771303 -0.892975105141 15.0681275669
108 79 109
3 0 839 355.928344727 193.777908325 1 1076 351.68548584 243.728149414 3 483 349.631347656 338.076721191
3.92197219403 1.20975627858 15.558151465
82 53 66
2 0 847 441.633544922 -41.9649963379 1 982 449.608276367 25.7002563477
-4.69942348231 0.829530537553 24.6465664207
26 31 48
2 0 855 -314.435241699 79.4040527344 1 1284 -338.648590088 80.457244873
-8.62591744503 3.33333960676 21.9806956295
65 69 112
6 0 863 -587.244934082 -75.2889709473 1 970 -587.605529785 -110.238220215 2 903 -541.643798828 -124.251037598 4 701 -584.271118164 -260.49395752 3 809 -556.269714355 -302.746887207 6 785 -619.588134766 -243.31060791
-0.244780371284 3.43832238314 15.0076459752
126 135 156
2 0 867 2.92889404297 -279.454162598 1 819 61.8737792969 -250.012329102
2.32740233274 3.38171031178 14.9888775265
88 98 107
8 0 881 284.205627441 -276.031738281 1 1114 328.612426758 -215.292480469 2 921 384.204467773 -178.600402832 5 517 186.362854004 -274.349609375 6 456 153.55078125 -287.602355957 7 530 -76.2071533203 -290.971679688 9 516 -162.203277588 -303.432922363 16 481 -121.994750977 -285.944763184
1.27165129859 3.11870524148 15.1885904251
159 174 201
10 0 894 173.364562988 -243.562988281 1 1280 219.368103027 -196.104248047 3 819 319.948059082 -231.858337402 5 1084 74.5595703125 -281.244750977 6 618 2.38037109375 -277.098327637 2 1538 273.411499023 -164.492431641 7 600 -214.918151855 -250.045898438 10 759 -447.483184814 -301.848999023 11 1180 -494.266845703 -218.373535156 16 1165 -257.052642822 -231.474609375
3.53289301077 -0.996116802437 15.7970470125
130 89 126
2 0 896 413.542236328 188.67868042 1 1179 401.655029297 243.644805908
0.322993318798 2.26094719187 15.2544905707
53 44 69
5 0 917 76.2113037109 -146.19052124 1 788 117.920410156 -111.087341309 2 641 167.58013916 -82.7633056641 3 385 175.688720703 -167.566650391 4 315 206.657836914 -267.934448242
3.67660618237 0.658877897238 15.2851682521
118 73 85
4 0 944 436.991577148 15.1548156738 1 1077 442.66027832 78.9849853516 2 1245 484.866821289 124.671600342 3 776 502.732788086 168.767669678
1.03064936153 1.09098851182 15.25282143
73 73 117
4 0 946 167.073364258 -15.7036743164 1 965 194.736022949 25.2828369141 2 844 238.709838867 59.2457580566 3 551 226.968322754 19.9863586426
2.03440587908 0.998378097958 15.3228450996
63 62 96
4 0 948 274.656311035 -10.7513427734 1 1022 293.900512695 39.7804870605 2 933 336.035949707 79.1441040039 3 537 343.50012207 72.4036254883
-6.5592504418 3.58834751511 21.0089032288
133 154 147
2 0 967 -486.784973145 -117.575012207 1 1058 -479.90057373 -140.773773193
2.97984345751 1.39095603549 15.3422597954
106 75 93
4 1 2067 380.633605957 2.41415405273 6 786 183.079040527 17.5490112305 7 789 0.895629882812 -9.8059387207 9 810 -48.0047607422 -28.7733154297
-6.94508761557 3.46132272938 21.561221594
87 94 131
5 0 975 -499.596405029 -99.3482055664 1 1057 -496.843017578 -123.307952881 2 912 -447.60559082 -131.670623779 3 686 -463.287872314 -294.75390625 6 660 -542.987304688 -241.788330078
-7.93683613293 3.40809074561 21.8143030215
71 76 119
