# Camera parameter file. 

# The format of each camera is as follows:
# Filename (of the undistorted image in visualize folder)
# Original filename
# Focal Length (of the undistorted image)
# 2-vec Principal Point (image center)
# 3-vec Translation T (as in P = K[R T])
# 3-vec Camera Position C (as in P = K[R -RC])
# 3-vec Axis Angle format of R
# 4-vec Quaternion format of R
# 3x3 Matrix format of R
# [Normalized radial distortion] = [radial distortion] * [focal length]^2
# 3-vec Lat/Lng/Alt from EXIF

# The nubmer of cameras in this reconstruction
17

00000000.jpg
/home/evan/UAV_Photogrammetry_toolkit/output_dir/NoExif/1560.jpg
1259.5411377
640 360
1.84928616538 0.24299884841 -4.67040454036
-1.41241058257 0.249813818114 4.8201939999
0.080092025492 -0.0918653737574 0.068644367696
0.997555500876 0.0400133766108 -0.0458952533048 0.0342942124382
0.993435409498 -0.0720934719832 -0.0888216396297
0.0647480490806 0.994447284887 -0.0829789613959
0.0943106099633 0.0766832943909 0.992585214924
0.69163054321
0 0 0

00000001.jpg
/home/evan/UAV_Photogrammetry_toolkit/output_dir/NoExif/1620.jpg
1287.18566895
640 360
2.99236557973 0.411271182587 -4.18498721736
-2.31535897039 0 4.61265778869
0.113179552897 -0.151884149327 -0.0331042832011
0.995382081563 0.0565026406107 -0.0758251405334 -0.0165266549347
0.987955147949 0.0243321461504 -0.152817485683
-0.0414691986103 0.993070456245 -0.109977216352
0.149082459193 0.114989647748 0.982116348994
0.771764557293
0 0 0

00000002.jpg
/home/evan/UAV_Photogrammetry_toolkit/output_dir/NoExif/1500.jpg
1272.71740723
640 360
2.58335003655 0.392671264169 -4.6180818428
-2.07131127209 -0.000938787058173 4.88509411028
0.128513941461 -0.103519310657 -0.0945692708653
0.995481958026 0.0641601696543 -0.0516816810592 -0.047213402638
0.990200468862 0.0873682391021 -0.108954835175
-0.10063212291 0.987310045005 -0.122860445929
0.0968378890448 0.13262071933 0.986426801158
0.713790619494
0 0 0

00000003.jpg
/home/evan/UAV_Photogrammetry_toolkit/output_dir/NoExif/1740.jpg
1254.86523438
640 360
2.12484066837 0.599484343432 -6.77645263726
-1.2577420439 -0.312299487859 7.00821669535
0.113626956133 -0.105140606369 -0.294821274502
0.986171507329 0.0565513542514 -0.0523277563647 -0.146730519787
0.951463995967 0.283484358282 -0.11980399779
-0.295321473196 0.950544550963 -0.0961825282499
0.0866125716872 0.126894808805 0.988128420544
0.770911740249
0 0 0

00000004.jpg
/home/evan/UAV_Photogrammetry_toolkit/output_dir/NoExif/1680.jpg
1265.69287109
640 360
3.19282348373 -0.00954542409509 -6.11698257015
-2.32068108593 -0.0752316846415 6.49771917261
0.0169966021264 -0.137633668426 -0.0695778949096
0.99699313503 0.00848978160659 -0.0687478460675 -0.0347540719043
0.988133293998 0.0681316273849 -0.137672244229
-0.0704666570269 0.997443392431 -0.0121497813636
0.13649227808 0.0217072345551 0.990404558759
0.842770710756
0 0 0

00000005.jpg
/home/evan/UAV_Photogrammetry_toolkit/output_dir/NoExif/1440.jpg
1196.94189453
640 360
6.41639029689 -0.974364554577 -3.69159215796
-3.8648589765 0.00136906622536 6.38828786018
0.00364192578335 -0.511863678581 -0.188131555615
0.963053449733 0.00179848106338 -0.252772073821 -0.0929044303277
0.854949458825 0.178034456923 -0.4872001725
-0.179853271567 0.982732754036 0.0435032990633
0.486531898257 0.0504314326328 0.872205575308
0.58983361821
0 0 0

00000006.jpg
/home/evan/UAV_Photogrammetry_toolkit/output_dir/NoExif/1800.jpg
1384.26281738
640 360
-2.86096107163 1.50976449835 -5.75277104166
2.59883279439 -5.55111512313e-17 6.06669652346
0.139561869236 0.0755790533471 -0.246944229653
0.989248475637 0.0695306710994 0.0376539976789 -0.123029292355
0.966893393048 0.248648909627 0.0573898515871
-0.238177250057 0.960060263137 -0.146831417491
-0.0916067876347 0.128301024089 0.987496530012
0.793968606563
0 0 0

00000007.jpg
/home/evan/UAV_Photogrammetry_toolkit/output_dir/NoExif/1920.jpg
1364.71679688
640 360
-3.52491830181 0.700437658687 -5.61740958073
3.33458609764 0.137973042198 5.77341837179
0.123349486727 0.0353056204787 -0.0392525774617
0.997750983455 0.0616285005879 0.0176395744333 -0.019611573241
0.998610156018 0.041309156649 0.0327825209248
-0.0369607093042 0.99163557279 -0.123671613944
-0.0376170900296 0.122287974338 0.991782371136
0.753887628016
0 0 0

00000008.jpg
/home/evan/UAV_Photogrammetry_toolkit/output_dir/NoExif/1380.jpg
1255.65332031
640 360
9.07026264246 0.364385659933 -3.14784449125
-6.17750715598 0.197240944063 7.35599880015
0.143358979137 -0.536125582438 -0.0269949827554
0.961658955356 0.0707610375145 -0.26462801758 -0.013324543736
0.859589326908 -0.0118232662187 -0.510849919117
-0.0630779334577 0.989632209785 -0.129043799812
0.50707769266 0.143148141852 0.849930248973
0.4021540128
0 0 0

00000009.jpg
/home/evan/UAV_Photogrammetry_toolkit/output_dir/NoExif/1980.jpg
1322.62011719
640 360
-4.82122360069 0.0264384865839 -5.91211300876
4.20061431871 0.285330031245 6.36171005704
0.0956274515839 0.102219636003 0.0611173386482
0.997085530815 0.0477672662169 0.051060155684 0.0305289761185
0.992921806652 -0.0560020592269 0.104739308399
0.0657579422067 0.99357362906 -0.0921385334375
-0.0989060613354 0.0983736665285 0.99022278733
0.589440173519
0 0 0

00000010.jpg
/home/evan/UAV_Photogrammetry_toolkit/output_dir/NoExif/2040.jpg
1527.69421387
640 360
-7.56477954345 0.292098419953 -4.50074113268
6.60493469832 0.282889511144 5.81916711953
0.0674220255037 0.18542673718 -0.0317830022762
0.995011839121 0.0336549421049 0.0925591608658 -0.0158650692194
0.982362262549 0.0378019990443 0.183127093328
-0.0253417277628 0.99723218603 -0.0699111196127
-0.185262750194 0.0640371437446 0.980599791388
1.01539101717
0 0 0

00000011.jpg
/home/evan/UAV_Photogrammetry_toolkit/output_dir/NoExif/2160.jpg
1730.57287598
640 360
-8.64359900107 1.10080712286 -0.698459812403
8.46282523325 -0.00256672601671 2.18905180317
0.124028091101 0.165485287109 -0.106884751038
0.993233993553 0.0618741198842 0.082555946824 -0.0533217905783
0.980682953698 0.116138069011 0.1573962977
-0.0957059909864 0.986659285279 -0.131715276401
-0.170593193323 0.11410664036 0.978712824818
1.40463899435
0 0 0

00000012.jpg
/home/evan/UAV_Photogrammetry_toolkit/output_dir/NoExif/2100.jpg
1562.71496582
640 360
-5.88941705545 0.905523105766 -3.67723455864
5.89247646656 -0.167432362637 3.77861919181
0.174561570386 0.00126919241673 -0.0145049440972
0.996166878558 0.087169237386 0.000633785172864 -0.0072432031431
0.99989397279 0.0145410853485 3.46944695195e-18
-0.0143206709148 0.984697752629 -0.173679480492
-0.00252542318931 0.173660947961 0.984802074322
0.951966295154
0 0 0

00000013.jpg
/home/evan/UAV_Photogrammetry_toolkit/output_dir/NoExif/2220.jpg
1650.88891602
640 360
-8.55123405187 -0.295699176328 -1.29695276343
8.36540285783 0.000344660823525 2.21655717368
0.135242723582 0.110775985074 0.0629076003674
0.995688273513 0.0675241455534 0.0553083636726 0.0314085804479
0.991909167236 -0.05507699566 0.114381553275
0.0700156252988 0.988907848854 -0.130991691476
-0.105898003269 0.13794030815 0.984763535952
1.02389763917
0 0 0

00000014.jpg
/home/evan/UAV_Photogrammetry_toolkit/output_dir/NoExif/2280.jpg
1719.3840332
640 360
-8.42588775919 1.03866466121 -1.69490256999
8.36851803216 -3.11978247556e-05 2.21698713174
0.127535095209 0.0541408313181 -0.0936930071912
0.996505182748 0.063693244974 0.0270388729203 -0.0467919175471
0.994158687187 0.0967011572457 0.0479280524361
-0.0898123961398 0.9875074329 -0.129471746773
-0.0598494555669 0.124410848117 0.990424196886
1.56957643908
0 0 0

00000015.jpg
/home/evan/UAV_Photogrammetry_toolkit/output_dir/NoExif/2340.jpg
1702.41699219
640 360
-8.13314760438 1.96125951444 -2.21927458544
8.36676876108 -2.77555756156e-17 2.21742320155
0.117022678259 -0.0141330636488 -0.205152972328
0.993010534875 0.058374954515 -0.00705006038083 -0.102337389696
0.978954801881 0.202421033732 -0.0259494220428
-0.204067390586 0.972239027218 -0.114490930532
0.00205371487591 0.117376848693 0.993085860393
1.7250226738
0 0 0

00000016.jpg
/home/evan/UAV_Photogrammetry_toolkit/output_dir/NoExif/1860.jpg
6907.87255859
640 360
-7.56106059057 0.953703643978 32.8210204843
16.7883386493 -6.30455102663 -28.5254832596
0.165656373918 0.29997625204 0.0178254369487
0.985317870291 0.082422424063 0.149253356631 0.00886905639999
0.955289489076 0.00712603525133 0.295586102102
0.0420813943055 0.986255843173 -0.159777133474
-0.292661895855 0.165072015894 0.941859889811
19.4041055648
0 0 0

